 r,g(r)
   1.6379624605178833E-002 ,   0.0000000000000000     
   2.7299374341964722E-002 ,   0.0000000000000000     
   3.8219124078750610E-002 ,   0.0000000000000000     
   4.9138873815536499E-002 ,   0.0000000000000000     
   6.0058623552322388E-002 ,   0.0000000000000000     
   7.0978373289108276E-002 ,   0.0000000000000000     
   8.1898123025894165E-002 ,   0.0000000000000000     
   9.2817872762680054E-002 ,   0.0000000000000000     
  0.10373762249946594      ,   0.0000000000000000     
  0.11465737223625183      ,   0.0000000000000000     
  0.12557712197303772      ,   0.0000000000000000     
  0.13649687170982361      ,   0.0000000000000000     
  0.14741662144660950      ,   0.0000000000000000     
  0.15833637118339539      ,   0.0000000000000000     
  0.16925612092018127      ,   0.0000000000000000     
  0.18017587065696716      ,   0.0000000000000000     
  0.19109562039375305      ,   8.8669707618708529     
  0.20201537013053894      ,   0.0000000000000000     
  0.21293511986732483      ,   0.0000000000000000     
  0.22385486960411072      ,   0.0000000000000000     
  0.23477461934089661      ,   0.0000000000000000     
  0.24569436907768250      ,   0.0000000000000000     
  0.25661411881446838      ,   0.0000000000000000     
  0.26753386855125427      ,   0.0000000000000000     
  0.27845361828804016      ,   0.0000000000000000     
  0.28937336802482605      ,   3.8674637542284351     
  0.30029311776161194      ,   0.0000000000000000     
  0.31121286749839783      ,   1.6718806175952634     
  0.32213261723518372      ,   1.5604645978857363     
  0.33305236697196960      ,   1.4598255338873727     
  0.34397211670875549      ,   1.3686170860193674     
  0.35489186644554138      ,   3.8570903108990122     
  0.36581161618232727      ,   2.4201800208373370     
  0.37673136591911316      ,   1.1409613735871345     
  0.38765111565589905      ,   1.0775913951546303     
  0.39857086539268494      ,   1.0193577846083706     
  0.40949061512947083      ,   1.9314401825454641     
  0.42041036486625671      ,   0.0000000000000000     
  0.43133011460304260      ,  0.87040655096766861     
  0.44224986433982849      ,  0.82795632291803634     
  0.45316961407661438      ,   0.0000000000000000     
  0.46408936381340027      ,   3.0074722753863496     
  0.47500911355018616      ,   1.4353965351698634     
  0.48592886328697205      ,   2.0574178076483709     
  0.49684861302375793      ,   3.9359585236641346     
  0.50776836276054382      ,  0.62808279097882780     
  0.51868811249732971      ,   3.6114992451585080     
  0.52960786223411560      ,  0.57735200015299082     
  0.54052761197090149      ,  0.55426106177114098     
  0.55144736170768738      ,   1.0650563495176204     
  0.56236711144447327      ,   1.5361466878520762     
  0.57328686118125916      ,   1.4781858985656027     
  0.58420661091804504      ,   2.8468892966668151     
  0.59512636065483093      ,  0.91445922232738330     
  0.60604611039161682      ,  0.88180349855635909     
  0.61696586012840271      ,  0.85086625562903972     
  0.62788560986518860      ,   2.4645869936967375     
  0.63880535960197449      ,  0.39684163485727642     
  0.64972510933876038      ,   1.5344593032971119     
  0.66064485907554626      ,   3.7103843594205053     
  0.67156460881233215      ,   2.1544230537126943     
  0.68248435854911804      ,  0.34767241787521608     
  0.69340410828590393      ,   2.0208513177215792     
  0.70432385802268982      ,  0.97933812957607336     
  0.71524360775947571      ,  0.94966352227790918     
  0.72616335749626160      ,   2.4568466511372020     
  0.73708310723304749      ,   1.4903698387152158     
  0.74800285696983337      ,   2.6049128071120915     
  0.75892260670661926      ,  0.28116576254776454     
  0.76984235644340515      ,  0.54649226276972129     
  0.78076210618019104      ,  0.79696936788413453     
  0.79168185591697693      ,   1.5502719506930016     
  0.80260160565376282      ,  0.75418764701912566     
  0.81352135539054871      ,   1.2234619737792498     
  0.82444110512733459      ,   1.9060279820266215     
  0.83536085486412048      ,   2.0885890292029905     
  0.84628060460090637      ,   2.0350384364125045     
  0.85720035433769226      ,   1.5427387599695788     
  0.86812010407447815      ,   1.9339358465121519     
  0.87903985381126404      ,   2.0957631115064328     
  0.88995960354804993      ,   1.2267897019359633     
  0.90087935328483582      ,   1.1972299520288918     
  0.91179910302162170      ,  0.77915055984694881     
  0.92271885275840759      ,   2.2824553840136259     
  0.93363860249519348      ,   1.6720330849353386     
  0.94455835223197937      ,   1.4520864489970711     
  0.95547810196876526      ,   1.4190859210517330     
  0.96639785170555115      ,   1.2137979935973784     
  0.97731760144233704      ,   1.3563723740434130     
  0.98823735117912292      ,  0.99492240407301058     
  0.99915710091590881      ,   1.6221575287970922     
   1.0100768506526947      ,   2.0634559135936548     
   1.0209966003894806      ,   1.2428026278505835     
   1.0319163501262665      ,   1.3687192559335941     
   1.0428360998630524      ,   1.0423819105865135     
   1.0537558495998383      ,   1.6042561375908733     
   1.0646755993366241      ,   1.1429217195777290     
   1.0755953490734100      ,  0.97985403702056550     
   1.0865150988101959      ,   1.2346169349758229     
   1.0974348485469818      ,   1.0757065615206514     
   1.1083545982837677      ,   1.5819224376664145     
   1.1192743480205536      ,   1.1634048537617601     
   1.1301940977573395      ,   2.0285020083167229     
   1.1411138474941254      ,   1.6167653565530826     
   1.1520335972309113      ,   1.3422210690268701     
   1.1629533469676971      ,   1.3171335620500257     
   1.1738730967044830      ,   1.0576987390959334     
   1.1847928464412689      ,   2.6534128180998420     
   1.1957125961780548      ,   1.6990241020876498     
   1.2066323459148407      ,   1.1122745939449257     
   1.2175520956516266      ,   1.4201370042104067     
   1.2284718453884125      ,   1.2876946135256626     
   1.2393915951251984      ,  0.63255203225290291     
   1.2503113448619843      ,   1.1395109129154157     
   1.2612310945987701      ,   1.4252822995706054     
   1.2721508443355560      ,   1.4009190979471768     
   1.2830705940723419      ,   2.1641325824320350     
   1.2939903438091278      ,   1.1605971652611362     
   1.3049100935459137      ,  0.95104527557238550     
   1.3158298432826996      ,   1.5900539956923436     
   1.3267495930194855      ,   1.1959909193676594     
   1.3376693427562714      ,   1.0860409334049155     
   1.3485890924930573      ,   1.7808742116308571     
   1.3595088422298431      ,   1.2266665859038557     
   1.3704285919666290      ,   1.7245658568409801     
   1.3813483417034149      ,  0.93357434782169735     
   1.3922680914402008      ,   1.0860761927871299     
   1.4031878411769867      ,   1.6449817571026331     
   1.4141075909137726      ,   2.1055773030166578     
   1.4250273406505585      ,  0.79747373609435257     
   1.4359470903873444      ,   1.2566256537824954     
   1.4468668401241302      ,   1.4698036461013779     
   1.4577865898609161      ,   1.4478666885464582     
   1.4687063395977020      ,   1.7267155662661844     
   1.4796260893344879      ,   1.2574997205271177     
   1.4905458390712738      ,   1.4578145750504168     
   1.5014655888080597      ,   1.2930184800760560     
   1.5123853385448456      ,   1.4160158010251296     
   1.5233050882816315      ,   1.1166298802910963     
   1.5342248380184174      ,   1.1007914260359417     
   1.5451445877552032      ,   1.2887790007244158     
   1.5560643374919891      ,   1.2038726041371957     
   1.5669840872287750      ,   1.7807286329402645     
   1.5779038369655609      ,  0.91060524115380004     
   1.5888235867023468      ,   1.2830448473743623     
   1.5997433364391327      ,   2.0249419616156836     
   1.6106630861759186      ,   1.1236377939210627     
   1.6215828359127045      ,   1.2933149079715345     
   1.6325025856494904      ,   1.7014279551718898     
   1.6434223353862762      ,  0.95936732411994685     
   1.6543420851230621      ,   1.2426018322998793     
   1.6652618348598480      ,   1.4015530330363308     
   1.6761815845966339      ,   1.9597476793852948     
   1.6871013343334198      ,   1.7637732334064511     
   1.6980210840702057      ,   1.2918291793169674     
   1.7089408338069916      ,   1.7189809738757622     
   1.7198605835437775      ,   1.0949819441485793     
   1.7307803332805634      ,   1.7839944690332463     
   1.7417000830173492      ,   1.3346172957245241     
   1.7526198327541351      ,  0.94898765765755899     
   1.7635395824909210      ,   1.3538372038809294     
   1.7744593322277069      ,  0.97720355263905745     
   1.7853790819644928      ,  0.91448202764983511     
   1.7962988317012787      ,   1.0037750372820382     
   1.8072185814380646      ,  0.94209743384543787     
   1.8181383311748505      ,   1.7636494083334455     
   1.8290580809116364      ,  0.96814101749567116     
   1.8399778306484222      ,   1.1001864411382429     
   1.8508975803852081      ,   1.1345146658225542     
   1.8618173301219940      ,   1.4482756191015971     
   1.8727370798587799      ,   1.2929093897370763     
   1.8836568295955658      ,   1.0953965381253490     
   1.8945765793323517      ,   1.2181566518337530     
   1.9054963290691376      ,   1.2488363107380367     
   1.9164160788059235      ,   1.2787396119880743     
   1.9273358285427094      ,   1.1335020350757150     
   1.9382555782794952      ,   1.6380428958519131     
   1.9491753280162811      ,   1.4066171252118873     
   1.9600950777530670      ,   1.0537789452518744     
   1.9710148274898529      ,   1.2922475216896632     
   1.9819345772266388      ,   1.2368198159651684     
   1.9928543269634247      ,   1.4679633537452101     
   2.0037740767002106      ,   1.0083384640901176     
   2.0146938264369965      ,   1.5959001831473083     
   2.0256135761737823      ,  0.98671258272216122     
   2.0365333259105682      ,   1.0542523767540104     
   2.0474530756473541      ,   1.3134540406442494     
   2.0583728253841400      ,   1.1084441296407035     
   2.0692925751209259      ,   1.0589565289678033     
   2.0802123248577118      ,   1.3472589609984997     
   2.0911320745944977      ,   1.5554293312246796     
   2.1020518243312836      ,   1.1728084095615596     
   2.1129715740680695      ,   1.5959868496755445     
   2.1238913238048553      ,  0.96931098287221662     
   2.1348110735416412      ,   1.2792268543172278     
   2.1457308232784271      ,   1.3014132220961117     
   2.1566505730152130      ,   1.4275399351239195     
   2.1675703227519989      ,   1.3442566813987888     
   2.1784900724887848      ,   1.5696783192239949     
   2.1894098222255707      ,   1.3513563121631353     
   2.2003295719623566      ,   1.8731673191562130     
   2.2112493216991425      ,   1.1591953867108982     
   2.2221690714359283      ,   1.3446018148238119     
   2.2330888211727142      ,   1.0392069095778691     
   2.2440085709095001      ,   1.3185569272344990     
   2.2549283206462860      ,   1.2102697356541385     
   2.2658480703830719      ,   1.4509763255399066     
   2.2767678201198578      ,   1.2184036554905158     
   2.2876875698566437      ,   1.3924614222462393     
   2.2986073195934296      ,   1.1647108385028846     
   2.3095270693302155      ,   1.2144453497707572     
   2.3204468190670013      ,   1.1729661364452872     
   2.3313665688037872      ,   1.3109787773297032     
   2.3422863185405731      ,   1.8005865129562131     
   2.3532060682773590      ,   1.3452470266052081     
   2.3641258180141449      ,  0.98514890953944645     
   2.3750455677509308      ,   1.4928755091576333     
   2.3859653174877167      ,   1.5645829248631973     
   2.3968850672245026      ,   1.2120992783945406     
   2.4078048169612885      ,   1.4525294587596560     
   2.4187245666980743      ,   1.1072643820662578     
   2.4296443164348602      ,   1.2893672463371277     
   2.4405640661716461      ,   1.3866087424615632     
   2.4514838159084320      ,   1.1856562778255757     
   2.4624035656452179      ,   1.0149142022866253     
   2.4733233153820038      ,   1.2177559239908791     
   2.4842430651187897      ,   1.4169998229801282     
   2.4951628148555756      ,   1.7427746660133747     
   2.5060825645923615      ,   1.3924103101322154     
   2.5170023143291473      ,   1.2014199927144185     
   2.5279220640659332      ,   1.2924300510586868     
   2.5388418138027191      ,   1.1808393346369765     
   2.5497615635395050      ,   1.3700227954256121     
   2.5606813132762909      ,   1.3336655867655616     
   2.5716010630130768      ,   1.2733869815913004     
   2.5825208127498627      ,   1.4811752115345274     
   2.5934405624866486      ,   1.3483408579678451     
   2.6043603122234344      ,   1.1221734578325073     
   2.6152800619602203      ,   1.1128220666938471     
   2.6261998116970062      ,   1.0801065058042785     
   2.6371195614337921      ,   1.2807587635347304     
   2.6480393111705780      ,   1.1778381371567828     
   2.6589590609073639      ,   1.2369004734412063     
   2.6698788106441498      ,  0.99961757135013685     
   2.6807985603809357      ,   1.1492277921092329     
   2.6917183101177216      ,   1.2963822860358671     
   2.7026380598545074      ,   1.3524411460576000     
   2.7135578095912933      ,   1.1216473672739087     
   2.7244775593280792      ,   1.1344913782745054     
   2.7353973090648651      ,   1.6232475783978533     
   2.7463170588016510      ,   1.0306334265604089     
   2.7572368085384369      ,   1.2568059164825442     
   2.7681565582752228      ,   1.6907252315061319     
   2.7790763080120087      ,   1.3839083855018879     
   2.7899960577487946      ,   1.4355101408310638     
   2.8009158074855804      ,   1.0527722395165724     
   2.8118355572223663      ,   1.2084718445181193     
   2.8227553069591522      ,   1.1381668386540469     
   2.8336750566959381      ,   1.5932772936540900     
   2.8445948064327240      ,   1.1607843451727820     
   2.8555145561695099      ,   1.2115056860195814     
   2.8664343059062958      ,   1.3205510638128908     
   2.8773540556430817      ,   1.7017549780454362     
   2.8882738053798676      ,   1.2035921785913863     
   2.8991935551166534      ,   1.4450112775793102     
   2.9101133048534393      ,   1.1664723160783184     
   2.9210330545902252      ,   1.2147067166898715     
   2.9319528043270111      ,   1.4317396345707307     
   2.9428725540637970      ,   1.1967445932374356     
   2.9537923038005829      ,   1.2250348378680673     
   2.9647120535373688      ,   1.2160272694992578     
   2.9756318032741547      ,   1.2254083618471916     
   2.9865515530109406      ,   1.2709323441584979     
   2.9974713027477264      ,   1.2256409767062153     
   3.0083910524845123      ,   1.2704401281533926     
   3.0193108022212982      ,   1.1546813449346551     
   3.0302305519580841      ,   1.2874665449630329     
   3.0411503016948700      ,   1.4183182484257919     
   3.0520700514316559      ,   1.1821820542898207     
   3.0629898011684418      ,   1.3636422152985832     
   3.0739095509052277      ,   1.1140268006165799     
   3.0848293006420135      ,   1.3444023746707356     
   3.0957490503787994      ,   1.1152619777753430     
   3.1066688001155853      ,   1.3591255215630123     
   3.1175885498523712      ,   1.2663112363915165     
   3.1285082995891571      ,   1.3402161986600940     
   3.1394280493259430      ,   1.2487542916495769     
   3.1503477990627289      ,   1.6317268790092221     
   3.1612675487995148      ,   1.2315599625585307     
   3.1721872985363007      ,   1.0460686620117536     
   3.1831070482730865      ,   1.1987351956949683     
   3.1940267980098724      ,   1.1905527347711420     
   3.2049465477466583      ,   1.1193895669595499     
   3.2158662974834442      ,   1.2057554873578777     
   3.2267860472202301      ,   1.4153555259074779     
   3.2377057969570160      ,   1.4521704126364059     
   3.2486255466938019      ,   1.2429401220682970     
   3.2595452964305878      ,   1.2955953661212418     
   3.2704650461673737      ,   1.4686462975341108     
   3.2813847959041595      ,   1.4438478050935473     
   3.2923045456409454      ,   1.2101787569495910     
   3.3032242953777313      ,   1.3209257020173080     
   3.3141440451145172      ,   1.4891660529463855     
   3.3250637948513031      ,  0.99603240003241533     
   3.3359835445880890      ,   1.2660066097193485     
   3.3469032943248749      ,   1.1421030353418689     
   3.3578230440616608      ,   1.3214074219859360     
   3.3687427937984467      ,   1.2843143345480974     
   3.3796625435352325      ,   1.5028779692399152     
   3.3905822932720184      ,   1.2114748543442801     
   3.4015020430088043      ,   1.2317022495148002     
   3.4124217927455902      ,   1.1821104298808778     
   3.4233415424823761      ,   1.2989484991113618     
   3.4342612922191620      ,   1.2495086422458348     
   3.4451810419559479      ,   1.2006685053194845     
   3.4561007916927338      ,   1.3693457593848115     
   3.4670205414295197      ,   1.1990622374655344     
   3.4779402911663055      ,   1.3923667593354658     
   3.4888600409030914      ,   1.1308796357501798     
   3.4997797906398773      ,   1.0445042433704876     
   3.5106995403766632      ,   1.1168533686732138     
   3.5216192901134491      ,   1.1882864470504961     
   3.5325390398502350      ,   1.0641539807570204     
   3.5434587895870209      ,   1.2897626361042407     
   3.5543785393238068      ,   1.2690315067213447     
   3.5652982890605927      ,   1.0956485742865243     
   3.5762180387973785      ,   1.4815027196974224     
   3.5871377885341644      ,   1.2963004713801780     
   3.5980575382709503      ,   1.3885174594159910     
   3.6089772880077362      ,   1.4920298934348479     
   3.6198970377445221      ,   1.3223789283557037     
   3.6308167874813080      ,   1.3512901029603681     
   3.6417365372180939      ,   1.1234024401194256     
   3.6526562869548798      ,   1.3594554885257337     
   3.6635760366916656      ,   1.2186403131151746     
   3.6744957864284515      ,   1.2713787431106061     
   3.6854155361652374      ,   1.3115484862087334     
   3.6963352859020233      ,   1.1971353337572264     
   3.7072550356388092      ,   1.3432737178129535     
   3.7181747853755951      ,   1.3002533205983593     
   3.7290945351123810      ,   1.3508769776779181     
   3.7400142848491669      ,   1.2966898158068236     
   3.7509340345859528      ,   1.1395173512484880     
   3.7618537843227386      ,   1.3503389263579182     
   3.7727735340595245      ,  0.96707923110926741     
   3.7836932837963104      ,   1.2103654989311756     
   3.7946130335330963      ,   1.3271243790647267     
   3.8055327832698822      ,   1.4760722165088491     
   3.8164525330066681      ,   1.4231636762628457     
   3.8273722827434540      ,   1.4371647301468600     
   3.8382920324802399      ,   1.2751068388004010     
   3.8492117822170258      ,   1.3116025415459944     
   3.8601315319538116      ,   1.4563481548324537     
   3.8710512816905975      ,   1.3724941162595161     
   3.8819710314273834      ,   1.2788128816046778     
   3.8928907811641693      ,   1.3891960397830330     
   3.9038105309009552      ,   1.3920616128189658     
   3.9147302806377411      ,   1.2363652714426281     
   3.9256500303745270      ,   1.4081413973467363     
   3.9365697801113129      ,   1.2435855934105000     
   3.9474895298480988      ,   1.1327893443737171     
   3.9584092795848846      ,   1.3125835620939539     
   3.9693290293216705      ,   1.4698278450805404     
   3.9802487790584564      ,   1.2368857042223251     
   3.9911685287952423      ,   1.0166337048039047     
   4.0020882785320282      ,   1.1020918936133297     
   4.0130080282688141      ,   1.4078377889501714     
   4.0239277780056000      ,   1.2701880058646327     
   4.0348475277423859      ,   1.1638479571433940     
   4.0457672774791718      ,   1.0586359227012472     
   4.0566870272159576      ,   1.2202345685769083     
   4.0676067769527435      ,   1.4975390407577491     
   4.0785265266895294      ,   1.3824403779179590     
   4.0894462764263153      ,   1.3460166607947983     
   4.1003660261631012      ,   1.2521684309501762     
   4.1112857758998871      ,   1.4371449729503536     
   4.1222055256366730      ,   1.1150420182829766     
   4.1331252753734589      ,   1.2418776545717647     
   4.1440450251102448      ,   1.5748246239959236     
   4.1549647748470306      ,   1.5477966752808123     
   4.1658845245838165      ,   1.4277153702294811     
   4.1768042743206024      ,   1.3738462304702901     
   4.1877240240573883      ,   1.3205188111663670     
   4.1986437737941742      ,   1.3228454151471307     
   4.2095635235309601      ,   1.3159913091989355     
   4.2204832732677460      ,   1.3637399330173996     
   4.2314030230045319      ,   1.1758156464936664     
   4.2423227727413177      ,   1.3857279355257812     
   4.2532425224781036      ,   1.3517653880465805     
   4.2641622722148895      ,   1.1934439357263609     
   4.2750820219516754      ,   1.4797632577053539     
   4.2860017716884613      ,   1.4105223206505522     
   4.2969215214252472      ,   1.2279420337486344     
   4.3078412711620331      ,   1.2653576411551095     
   4.3187610208988190      ,   1.2936970826402980     
   4.3296807706356049      ,   1.1835142491278527     
   4.3406005203723907      ,   1.4698098475559447     
   4.3515202701091766      ,   1.2571873221147245     
   4.3624400198459625      ,   1.3785443984931203     
   4.3733597695827484      ,   1.5410107166121798     
