   2.3710121229248613      -0.99246245613219097      -0.15382977579553292     
   4.6869259900720843       0.94110188923205162      -0.38826193880278409     
   3.3002927398154145       0.57799088627169759       0.74117192771531337     
  -2.9109098164033589       0.98924111590040886      -0.64540598887936151     
  0.93111789040803195       -1.4584426820430632       0.37471639741928686     
  -1.4073365689281254        1.2066774170701662      -0.50424464851137152     
 -0.53391667652316843       -2.1975669226345889       -2.3525058581368592     
   1.8277598821375252       -1.7580099234232149      -0.14354593506943497     
  0.83614550202017890        1.4919878489644198      -0.10832090180015154     
  -2.6546003596831920        3.1250353324714135        3.3786847840449492     
   2.0075081589802428        2.8903912554559001       0.40927732954706070     
 -0.87217126880493445       0.25009880319955036        1.7998790344154667     
  -2.5124425790069393        1.3999388174381389      -0.70440739912708372     
 -0.41334028428082598        1.3750424981539222      -0.19878263571161078     
  0.58084150390376188      -0.50254787283475755      -0.37908800564851630     
 -0.73164921417651152       0.54542780062777685       0.64994339865010953     
  -2.2607746309064929       0.16461995341006330        3.3000430746454197     
  -1.5824692557561031        3.0243736695172330E-002   1.4504258568415371     
  -1.7797048474003405      -0.75115516036964503       -1.5438511777808255     
  0.45071382228777579       -2.2709377523216872       -1.7503347485862795     
 -0.10070110730717570       -2.1369937664839389       0.47029244600851638     
  -1.0014838694446442      -0.54421371532006668       -2.7721181945770425E-002
   3.3307792979637134        3.2415895553463185        1.8193760386832161     
   2.9888114515278841       -2.4855979907963053       0.40783567821685196     
   1.8781703608700153       0.50191089254588594       -3.6279061437222309     
  -2.5784264653504265        2.6182283165318196        1.4649427186633466     
  -1.1016189418086710        3.4397392338468955       0.12848213319390250     
 -0.43061973212377330        2.9345542437772116       0.32244347356558367     
  0.76165461050167238       0.50000833084367147        1.4734048456514812     
   1.3473758687164967      -0.71722056570961579       0.72702124452990302     
  0.67337723438840191        1.0766911356821933      -0.16584989450632698     
   1.1514596813681339      -0.57069460616929091      -0.16405264661476057     
  0.67587029989662750       0.99092955331720611       -2.2711821694437324     
  0.51759506463780569        2.6970818456008896       -2.4919951143348457E-002
  0.67388666062827662       0.73636682936977249      -0.73566596524827854     
 -0.26290550019808517        3.6241092527252734       -1.0950160952055801     
  -2.8196855170096580       0.29887880621627161      -0.47931801479601949     
  -2.0681684889541723       -2.4882359044776545       0.59610173468158456     
 -0.12075953809236939        1.7466828020599574        1.9359161228203849     
   2.6224976813182068        2.9156074213658023       -1.2114470239365775     
  -1.9469160134074373        1.2913449733917164        1.0588245617846317     
   1.0858750001762987      -0.12679375789463063        2.2288945721656210     
 -0.27785668090633531       -2.0376234079073106       0.17895296210005207     
  -2.0311045678898454        1.5531382346500959       0.23335574300613957     
  -2.2950167231773069       -9.9946043120013400E-002 -0.85587142173601427     
  0.59092585427952460       0.97404266766995684        1.5405612785686409     
  0.29138225448366251       0.89767296164393884       0.14810666896157590     
   1.1907599268993601      -0.81360408772635762       0.49603786280120160     
  0.46705999666200537        1.0631712531788924      -0.43101958030296289     
   1.6783555126016352        1.5254195392122929      -0.21927211653659043     
   1.7907055555027858       -1.8785739452474504       0.77765101046094687     
  -1.0229113594712735        1.8610098888753639        1.5651997116495011     
 -0.79740623028324920       -2.7300480044812505       0.70713219703376262     
   1.7622615100466381       0.89509334395639029       0.24079656015867182     
  -2.4262103186405901        1.6867342702125736      -0.30990708133114375     
 -0.19387276951337368        2.8858696500396039        3.1143951207028815     
  -1.5227461672407308      -0.38549328438784025       -2.5242854606674916     
  0.17611221800510510        1.0464871040482393      -0.83910881773679102     
  -1.8987984761739085       0.44773300304054164      -0.36091711114357106     
  -1.3909994858151400       0.14512959853179305      -0.24618912346288799     
   1.9151269954896382        2.2759539157656934        1.2319195391187105     
 -0.77249448454283232        1.0763395253913544       0.23635220901696316     
  -4.4903926704757868        2.5017567474288378       0.72772624635006788     
   1.1014598467382326        1.7423631473674186        3.6112558184336416     
  -1.6185136953277746      -0.25123885100688437        2.4286778721825066     
 -0.18866065932082909      -0.66214255168640579      -0.25079991498741439     
  0.83122022665345108       -1.6266988327693910        2.5667514518279781     
  -1.8749140786012854        1.5665273741206103        1.3463214248455482     
  -1.8015969751476528       -2.2858032804235755        3.5025453088085876     
   1.2809020381034824        1.0327754217688565       -2.3924712298755266     
  -3.4847232163308455      -0.14884539157108809      -0.71138486367326048     
   3.3735339102446296      -0.55744698204408039       -1.1007430960274713     
   1.2976808359456908        7.3924648708660695E-002  -4.2365552875132328     
  0.24923841075397984       -1.1013551799279031       0.58465184950961113     
  0.59482443142775976        2.8455673264602890       0.79323268064591890     
  -1.0182066316729073        2.9320730510875541        2.0728565723888202     
  -2.5274488544383416       -1.4125157881167383        2.3855648943554448     
  -1.7697334796178046       -1.7723693781236523        1.5219467890122984     
   2.5450594581448120       0.32469721792666445      -0.45429916932438014     
 -0.62905617899792687       -2.5937638443481954       0.78778603999788654     
   1.9761562523981928       -1.2742876866579629      -0.41465748111842088     
  0.56139129747616157       -1.2392383255445047      -0.25479283290524762     
  -2.3482970982868321      -0.73409498364359160       -2.8560319469806212     
  -1.2129894948480509        1.1387591938532236       -3.2705991010705353     
  -2.4829827907812136       -3.2402499294323004       -2.3693024688919397     
  -1.2424582001063071        1.4839845170461681      -0.75998073168815194     
   1.1892584400443647        2.4156695612396679       -4.5008997778214992     
  -2.4279768979658258        7.0625186761763530E-003   2.0055512025515529     
  -1.8913326835180289        1.4670820116560497        1.3889937555123675     
   9.8220105907238106E-002   1.8382888798216646        4.2560291884427164     
   1.8674538866990351       -1.2068721650264720      -0.69619037324601662     
   1.1774323629348815       -2.3859519186788631       -1.3950533794320918     
  0.93184587009861741      -0.95506376281461891        1.9300331802034800     
   2.4822600131697929        2.1685737227475275       0.88841171298888455     
   6.5240983605957273E-002 -0.25308811933203895       -1.8708319312743811     
  -5.1050491274579421       0.18407934927567091       0.25773671929977465     
  -1.1105090771548427      -0.26230365438757453       -1.1185095328958954     
 -0.59953343542255766       -2.4785828239340661       -1.7498708071714661     
  0.91284639418561064       0.33736562230426059      -0.41059781245940946     
 -0.56891677023200704       -2.3168114827960511       0.82419146142476229     
 -0.51104010906112629       -2.1569524366202542      -0.50899798957739206     
  0.62581096099643863       -2.7141723728602010        3.2949828637648504E-002
   2.0555433594524586       -1.7289061176513822        1.5183325378644144     
   3.7293778526945909      -0.18161605642257225        2.4582453239794750     
 -0.11349084798818815        2.7399489318321816E-003   3.4186670262835293     
 -0.13609065328347134       -2.5032259026778396        8.2351550962887779E-002
   3.4589322483514623E-002   4.5385038962317061       -1.3231221439804599     
  -1.8334102768378397        7.3486628238365090E-002   2.9407186648686747     
   2.2813448936014389        8.2111654923563079E-002 -0.41955357874151777     
  -1.2763926498095255      -0.42502291633909195      -0.11967302485672464     
 -0.55173577466397439      -0.22587937474982103       -2.5427698475220231     
   1.4821133267593476       -2.4923380501104599       -7.2534184683076902E-002
   1.4789559906961514       -1.4250290169180571        1.9247427479032055     
  -2.6391542451009369       -4.5719819685066758       -6.6475961573732298E-002
 -0.25533114611549707       -1.2362205002884652E-002   2.1847616688896632     
 -0.95939099829458296      -0.98332029206518845        1.5918345685919917     
  -2.1125869986347268        3.1157942330361101      -0.72632342550736362     
  -3.1905131761552878       0.75131781712892576        1.0426470834316826     
 -0.81260672318232607       -1.9458858508959327      -0.15698953053685438     
  -1.5885291841007825        1.8945722798071440       -1.5758044123892567     
  0.29221988478865046       -1.3299580959916446       -2.4155229546085284     
  0.28718146397579325      -0.81803687010622095       0.46414313144462654     
  -1.2791534927957959E-002  0.28383174662446026       0.61816406878920516     
   1.4064261274053877        3.1983856376781041      -0.36439900360242644     
  -1.2709857145232739        3.5720806882378069       0.88775037423844916     
  -1.4363342628804507        1.1099420623175933      -0.28578798640140990     
  -1.7889855342583649      -0.68681292796325777        1.2888706368401295     
   1.1125415612000291       -1.0081811584903086        1.1549624603150248     
  -2.2483821876748040       -2.3972945469462017       -3.5761654942518857     
  0.99600750630934254       0.85238033287416515       -1.4882952856656717     
  0.12325308348908161       0.15201639744448614        2.0624311131076456     
  0.27097621792237531        2.3813163587678168       -1.9785856292180839     
  -1.3572148223820037       -1.9164078074191015       -1.3678805325240297     
  0.49727599774156411       -2.3202981959877946       0.95634030220119637     
 -0.21626302906745001      -0.87499053427805873        2.3944829179036868     
  -2.7647340236208566E-002   1.2193601170475556        1.3414064087153452     
   1.1032191822932338       -1.8940564985704098       -3.5273547000400960     
 -0.33024976739485151        3.4953885260122997E-002   3.7006987898547830     
 -0.64346320981998406        1.6408297125562579      -0.34133691688221890     
  -7.5083756392755482E-002  -2.9346947765775160        4.8502488511065351     
   3.3777956083033347       0.46077604676432465       -2.0867239165410933     
  -1.8608693326394870       -2.6646892542098350       0.92960368779180047     
  -1.0916253594023713       -2.5922816896302887        1.2524236245970184     
 -0.48104769292862076       -1.8316389018040702      -0.47603524308065853     
  -1.6008083827502269       -2.8594982720482296       0.83828039130324183     
  -2.4933271331877607      -0.70604729615631356      -0.42001146025202646     
   3.2901720436789486        3.3051049517715425E-002   2.3485060118954317     
   7.3502179341426541E-002  -2.0938950810397636      -0.67789843771723768     
   9.0351666533851710E-002 -0.38986793777006373        1.1174789747330585     
  -1.4025552670138155       -3.2145836379392683        4.6542832019039011     
   1.5957414907665146      -0.27456930768264315        8.0084688878209936E-002
  0.86353706891559823       -1.5637091648505059      -0.24853148679183537     
 -0.66855625115556427      -0.29836634209278295        1.1698867222883318     
   1.8899314201047777       0.47873358012610828       -1.4797089830048575     
   2.7716210911821579        1.6420527557746742        3.8861317473028096     
  -1.1976416139080670      -0.61040012683057843        1.5083180685793585     
 -0.18728625517591130        1.7032159544816402E-002 -0.72581394128851584     
   1.2428447303416323        1.9692926304329981        2.1081041893009576     
  -4.4192367192326127        1.8916733345336492       -1.0976375848355562     
  -1.9476513597196476        2.4965688371570742      -0.14127273733308471     
  -2.8198617005486453        1.7918986951337847       0.54505686756837035     
  -1.9882703575711784       0.87212720661878440       -2.9741462822104521     
  -2.4401183695727982       -2.4166192212774775       0.51985543483311147     
 -0.21403242234700562       0.70564987528429501        1.7664686746438099     
   1.8413337006747070      -0.66794673123751835       0.41651361406810056     
  0.35743378246911645       -1.6068597072859780       -1.3431745393322574     
  0.67181562434799869       0.68767614537601274       0.16677397645558212     
   2.2445124615723930       -1.7089931675170251      -0.85473832382780912     
   1.1231869750939856       -1.4976195584166192       0.19641467749883498     
   1.3492925522737772E-004  0.30361273863899868       -3.8033384645478927     
  -1.9911176528538499      -0.82412530850821153       -2.1131026670131057     
 -0.34976166673561304       -1.2089952711213889       -1.2968091097698671     
  0.48700440183293758        1.7956150787237091        1.9686005639327497     
  0.96166285367662674        1.3976178963855128       -1.1731966492409147     
 -0.58935054993593594       0.94733479824684941        2.3041392260271651     
   3.8669407295530132       -2.7047666348449306      -0.95792723309937933     
  -1.3284007718065256        3.6622649493320112       -1.9864277606624998     
  0.59980637962564776        1.4752408130889694       -2.0785132696716628     
  -1.1342808776991886      -0.31994991892428959        7.0741164612667246E-002
  0.26437676364838825        1.1267123205339671       -2.7460319143427530     
  -2.4858541720882159        1.0967294438927926        4.4184718500087374     
  0.82066907863116689       0.75879053467225999       0.24827649818648545     
 -0.59867174817841684      -0.28991493947447683       -4.1122474053820008     
   2.5539472921182393       -1.0756746035597080        2.1939361643055331     
   1.7211592855249955       -2.1173556594905922        2.4960409520233018     
  -2.7601438240508362        3.2379588545310773       -1.2012224642140432     
   1.9332426275646575       -1.0027236563573323        2.4129597727348671     
  0.60536704818701226      -0.90557324640551773       -1.2720773531459877     
  -2.5188386851146833        1.1462823649927047        1.1190823899897866     
  -2.4841661613668884        3.9022858210106222       -8.1715190181120209E-002
   2.5619327349831691       0.63745534954887995      -0.22674925759728470     
 -0.44719983233982707        3.2075705582321281       0.73552140633373075     
   3.6610098344169812        2.8410229241152649       -1.6581539043133102     
   1.2670535761622332      -0.85791303655870899        1.0264300274450369     
  -1.5050018317538123        1.4696688914295986       0.96719403480350963     
 -0.64777758593058254       -2.2783256301163788        2.1222316419189156     
  -1.0071564450831023E-002  -9.3625300596715838E-002  -1.0433107652388349     
 -0.57946472278287053       -2.6043870828116815       -2.1126699896175984     
   2.8390563377894784       -3.1087167384236984        1.9211231185941988     
 -0.49233058538777019       0.48391882581197998      -0.37528926162096682     
