 Tiempo,Energia_pot,Energia_cin,Energia,Presion,Temperatura_md
  1.00000000000000002E-002 ,   16019.551102807480      ,   0.0000000000000000      ,   16019.551102807480      ,  -65.786546194313729      ,   0.0000000000000000     
  2.00000000000000004E-002 ,   13887.109749444768      ,   0.0000000000000000      ,   13887.109749444768      ,  -57.187533857451783      ,   0.0000000000000000     
  3.00000000000000024E-002 ,   12442.363732371441      ,   0.0000000000000000      ,   12442.363732371441      ,  -51.355601836436577      ,   0.0000000000000000     
  4.00000000000000008E-002 ,   11371.804315585921      ,   0.0000000000000000      ,   11371.804315585921      ,  -47.030413066905858      ,   0.0000000000000000     
  5.00000000000000028E-002 ,   10533.498309798484      ,   0.0000000000000000      ,   10533.498309798484      ,  -43.640994579700568      ,   0.0000000000000000     
  6.00000000000000047E-002 ,   9851.9808839421221      ,   0.0000000000000000      ,   9851.9808839421221      ,  -40.883631618061770      ,   0.0000000000000000     
  7.00000000000000067E-002 ,   9282.6450721971778      ,   0.0000000000000000      ,   9282.6450721971778      ,  -38.578720981465771      ,   0.0000000000000000     
  8.00000000000000017E-002 ,   8797.0733344265554      ,   0.0000000000000000      ,   8797.0733344265554      ,  -36.611798489420835      ,   0.0000000000000000     
  9.00000000000000105E-002 ,   8376.1250269985776      ,   0.0000000000000000      ,   8376.1250269985776      ,  -34.905738838385680      ,   0.0000000000000000     
  0.10000000000000001      ,   8006.3411960595140      ,   0.0000000000000000      ,   8006.3411960595140      ,  -33.406292339256176      ,   0.0000000000000000     
  0.11000000000000001      ,   7677.9282364869377      ,   0.0000000000000000      ,   7677.9282364869377      ,  -32.073971036243201      ,   0.0000000000000000     
  0.12000000000000001      ,   7383.5576753273726      ,   0.0000000000000000      ,   7383.5576753273726      ,  -30.879185237715163      ,   0.0000000000000000     
  0.13000000000000000      ,   7117.6166882139578      ,   0.0000000000000000      ,   7117.6166882139578      ,  -29.799355916161367      ,   0.0000000000000000     
  0.14000000000000001      ,   6875.7209396902435      ,   0.0000000000000000      ,   6875.7209396902435      ,  -28.816757942404422      ,   0.0000000000000000     
  0.15000000000000002      ,   6654.3872728054921      ,   0.0000000000000000      ,   6654.3872728054921      ,  -27.917331748797128      ,   0.0000000000000000     
  0.16000000000000000      ,   6450.8075459762322      ,   0.0000000000000000      ,   6450.8075459762322      ,  -27.089739642591297      ,   0.0000000000000000     
  0.17000000000000001      ,   6262.6810491522156      ,   0.0000000000000000      ,   6262.6810491522156      ,  -26.324673133501626      ,   0.0000000000000000     
  0.18000000000000002      ,   6088.1280847537964      ,   0.0000000000000000      ,   6088.1280847537964      ,  -25.614574214261030      ,   0.0000000000000000     
  0.19000000000000000      ,   5925.5604307285403      ,   0.0000000000000000      ,   5925.5604307285403      ,  -24.953008745733090      ,   0.0000000000000000     
  0.20000000000000001      ,   5773.6466533321109      ,   0.0000000000000000      ,   5773.6466533321109      ,  -24.334596286559925      ,   0.0000000000000000     
  0.21000000000000002      ,   5631.2561019357572      ,   0.0000000000000000      ,   5631.2561019357572      ,  -23.754766819000366      ,   0.0000000000000000     
  0.22000000000000003      ,   5497.4213786612590      ,   0.0000000000000000      ,   5497.4213786612590      ,  -23.209609383453959      ,   0.0000000000000000     
  0.23000000000000001      ,   5371.3090611279895      ,   0.0000000000000000      ,   5371.3090611279895      ,  -22.695753979968714      ,   0.0000000000000000     
  0.24000000000000002      ,   5252.1966122164677      ,   0.0000000000000000      ,   5252.1966122164677      ,  -22.210278412314025      ,   0.0000000000000000     
  0.25000000000000000      ,   5139.4539864462113      ,   0.0000000000000000      ,   5139.4539864462113      ,  -21.750634068877083      ,   0.0000000000000000     
  0.26000000000000001      ,   5032.5288426471052      ,   0.0000000000000000      ,   5032.5288426471052      ,  -21.314586246223989      ,   0.0000000000000000     
  0.27000000000000002      ,   4930.9345549864711      ,   0.0000000000000000      ,   4930.9345549864711      ,  -20.900165758791879      ,   0.0000000000000000     
  0.28000000000000003      ,   4834.2404165187090      ,   0.0000000000000000      ,   4834.2404165187090      ,  -20.505629392483321      ,   0.0000000000000000     
  0.29000000000000004      ,   4742.0635760526839      ,   0.0000000000000000      ,   4742.0635760526839      ,  -20.129427350795382      ,   0.0000000000000000     
  0.30000000000000004      ,   4654.0623567212824      ,   0.0000000000000000      ,   4654.0623567212824      ,  -19.770176275707279      ,   0.0000000000000000     
  0.31000000000000000      ,   4569.9306845144702      ,   0.0000000000000000      ,   4569.9306845144702      ,  -19.426636747500222      ,   0.0000000000000000     
  0.32000000000000001      ,   4489.3934149357110      ,   0.0000000000000000      ,   4489.3934149357110      ,  -19.097694409133574      ,   0.0000000000000000     
  0.33000000000000002      ,   4412.2023912844388      ,   0.0000000000000000      ,   4412.2023912844388      ,  -18.782344043597909      ,   0.0000000000000000     
  0.34000000000000002      ,   4338.1331027273318      ,   0.0000000000000000      ,   4338.1331027273318      ,  -18.479676072411184      ,   0.0000000000000000     
  0.35000000000000003      ,   4266.9818369954237      ,   0.0000000000000000      ,   4266.9818369954237      ,  -18.188865050981601      ,   0.0000000000000000     
  0.36000000000000004      ,   4198.5632432964994      ,   0.0000000000000000      ,   4198.5632432964994      ,  -17.909159820249265      ,   0.0000000000000000     
  0.37000000000000005      ,   4132.7082372181494      ,   0.0000000000000000      ,   4132.7082372181494      ,  -17.639875039299568      ,   0.0000000000000000     
  0.38000000000000000      ,   4069.2621921867335      ,   0.0000000000000000      ,   4069.2621921867335      ,  -17.380383875226922      ,   0.0000000000000000     
  0.39000000000000001      ,   4008.0833721740064      ,   0.0000000000000000      ,   4008.0833721740064      ,  -17.130111667378973      ,   0.0000000000000000     
  0.40000000000000002      ,   3949.0415684023942      ,   0.0000000000000000      ,   3949.0415684023942      ,  -16.888530415623009      ,   0.0000000000000000     
  0.41000000000000003      ,   3892.0169093181007      ,   0.0000000000000000      ,   3892.0169093181007      ,  -16.655153968576283      ,   0.0000000000000000     
  0.42000000000000004      ,   3836.8988183006427      ,   0.0000000000000000      ,   3836.8988183006427      ,  -16.429533808720542      ,   0.0000000000000000     
  0.43000000000000005      ,   3783.5850978461444      ,   0.0000000000000000      ,   3783.5850978461444      ,  -16.211255348548274      ,   0.0000000000000000     
  0.44000000000000006      ,   3731.9811224120349      ,   0.0000000000000000      ,   3731.9811224120349      ,  -15.999934665811871      ,   0.0000000000000000     
  0.45000000000000001      ,   3681.9991249543773      ,   0.0000000000000000      ,   3681.9991249543773      ,  -15.795215617424802      ,   0.0000000000000000     
  0.46000000000000002      ,   3633.5575645153458      ,   0.0000000000000000      ,   3633.5575645153458      ,  -15.596767280952953      ,   0.0000000000000000     
  0.47000000000000003      ,   3586.5805641623510      ,   0.0000000000000000      ,   3586.5805641623510      ,  -15.404281680483100      ,   0.0000000000000000     
  0.48000000000000004      ,   3540.9974101666162      ,   0.0000000000000000      ,   3540.9974101666162      ,  -15.217471760058029      ,   0.0000000000000000     
  0.49000000000000005      ,   3496.7421046600884      ,   0.0000000000000000      ,   3496.7421046600884      ,  -15.036069573324363      ,   0.0000000000000000     
  0.50000000000000000      ,   3453.7529651152258      ,   0.0000000000000000      ,   3453.7529651152258      ,  -14.859824662502879      ,   0.0000000000000000     
  0.51000000000000001      ,   3411.9722649388336      ,   0.0000000000000000      ,   3411.9722649388336      ,  -14.688502603613230      ,   0.0000000000000000     
  0.52000000000000002      ,   3371.3459102607403      ,   0.0000000000000000      ,   3371.3459102607403      ,  -14.521883698075513      ,   0.0000000000000000     
  0.53000000000000003      ,   3331.8231486592458      ,   0.0000000000000000      ,   3331.8231486592458      ,  -14.359761793479127      ,   0.0000000000000000     
  0.54000000000000004      ,   3293.3563061519740      ,   0.0000000000000000      ,   3293.3563061519740      ,  -14.201943218681672      ,   0.0000000000000000     
  0.55000000000000004      ,   3255.9005492367919      ,   0.0000000000000000      ,   3255.9005492367919      ,  -14.048245820240169      ,   0.0000000000000000     
  0.56000000000000005      ,   3219.4136692072352      ,   0.0000000000000000      ,   3219.4136692072352      ,  -13.898498088955439      ,   0.0000000000000000     
  0.57000000000000006      ,   3183.8558862978757      ,   0.0000000000000000      ,   3183.8558862978757      ,  -13.752538366646952      ,   0.0000000000000000     
  0.58000000000000007      ,   3149.1896715373541      ,   0.0000000000000000      ,   3149.1896715373541      ,  -13.610214124577658      ,   0.0000000000000000     
  0.59000000000000008      ,   3115.3795844265651      ,   0.0000000000000000      ,   3115.3795844265651      ,  -13.471381305917012      ,   0.0000000000000000     
  0.60000000000000009      ,   3082.3921248078927      ,   0.0000000000000000      ,   3082.3921248078927      ,  -13.335903725634655      ,   0.0000000000000000     
  0.61000000000000010      ,   3050.1955974664511      ,   0.0000000000000000      ,   3050.1955974664511      ,  -13.203652521924251      ,   0.0000000000000000     
  0.62000000000000000      ,   3018.7599881889141      ,   0.0000000000000000      ,   3018.7599881889141      ,  -13.074505654003620      ,   0.0000000000000000     
  0.63000000000000000      ,   2988.0568501378893      ,   0.0000000000000000      ,   2988.0568501378893      ,  -12.948347441671460      ,   0.0000000000000000     
  0.64000000000000001      ,   2958.0591995434511      ,   0.0000000000000000      ,   2958.0591995434511      ,  -12.825068142583113      ,   0.0000000000000000     
  0.65000000000000002      ,   2928.7414198109309      ,   0.0000000000000000      ,   2928.7414198109309      ,  -12.704563563600129      ,   0.0000000000000000     
  0.66000000000000003      ,   2900.0791732545540      ,   0.0000000000000000      ,   2900.0791732545540      ,  -12.586734703016887      ,   0.0000000000000000     
  0.67000000000000004      ,   2872.0493197433148      ,   0.0000000000000000      ,   2872.0493197433148      ,  -12.471487420776265      ,   0.0000000000000000     
  0.68000000000000005      ,   2844.6298416234481      ,   0.0000000000000000      ,   2844.6298416234481      ,  -12.358732134103382      ,   0.0000000000000000     
  0.69000000000000006      ,   2817.7997743554652      ,   0.0000000000000000      ,   2817.7997743554652      ,  -12.248383536282267      ,   0.0000000000000000     
  0.70000000000000007      ,   2791.5391423473034      ,   0.0000000000000000      ,   2791.5391423473034      ,  -12.140360336478182      ,   0.0000000000000000     
  0.71000000000000008      ,   2765.8288995364023      ,   0.0000000000000000      ,   2765.8288995364023      ,  -12.034585018795564      ,   0.0000000000000000     
  0.72000000000000008      ,   2740.6508743000049      ,   0.0000000000000000      ,   2740.6508743000049      ,  -11.930983618868700      ,   0.0000000000000000     
  0.73000000000000009      ,   2715.9877183307199      ,   0.0000000000000000      ,   2715.9877183307199      ,  -11.829485516516218      ,   0.0000000000000000     
  0.74000000000000010      ,   2691.8228591369480      ,   0.0000000000000000      ,   2691.8228591369480      ,  -11.730023243081705      ,   0.0000000000000000     
  0.75000000000000011      ,   2668.1404558715844      ,   0.0000000000000000      ,   2668.1404558715844      ,  -11.632532302259341      ,   0.0000000000000000     
  0.76000000000000001      ,   2644.9253402288923      ,   0.0000000000000000      ,   2644.9253402288923      ,  -11.536983448189661      ,   0.0000000000000000     
  0.77000000000000002      ,   2622.1630268405861      ,   0.0000000000000000      ,   2622.1630268405861      ,  -11.443252680029696      ,   0.0000000000000000     
  0.78000000000000003      ,   2599.8396398137397      ,   0.0000000000000000      ,   2599.8396398137397      ,  -11.351315979268536      ,   0.0000000000000000     
  0.79000000000000004      ,   2577.9418806015269      ,   0.0000000000000000      ,   2577.9418806015269      ,  -11.261119180007535      ,   0.0000000000000000     
  0.80000000000000004      ,   2556.4570026048495      ,   0.0000000000000000      ,   2556.4570026048495      ,  -11.172610359622103      ,   0.0000000000000000     
  0.81000000000000005      ,   2535.3727820257450      ,   0.0000000000000000      ,   2535.3727820257450      ,  -11.085739720478065      ,   0.0000000000000000     
  0.82000000000000006      ,   2514.6774905899460      ,   0.0000000000000000      ,   2514.6774905899460      ,  -11.000459479224876      ,   0.0000000000000000     
  0.83000000000000007      ,   2494.3598699947970      ,   0.0000000000000000      ,   2494.3598699947970      ,  -10.916723763083763      ,   0.0000000000000000     
  0.84000000000000008      ,   2474.4091079589803      ,   0.0000000000000000      ,   2474.4091079589803      ,  -10.834488512629957      ,   0.0000000000000000     
  0.85000000000000009      ,   2454.8148157495548      ,   0.0000000000000000      ,   2454.8148157495548      ,  -10.753711390564836      ,   0.0000000000000000     
  0.86000000000000010      ,   2435.5670070868969      ,   0.0000000000000000      ,   2435.5670070868969      ,  -10.674351696075460      ,   0.0000000000000000     
  0.87000000000000011      ,   2416.6560783229424      ,   0.0000000000000000      ,   2416.6560783229424      ,  -10.596370284357359      ,   0.0000000000000000     
  0.88000000000000012      ,   2398.0727898026526      ,   0.0000000000000000      ,   2398.0727898026526      ,  -10.519729490935905      ,   0.0000000000000000     
  0.89000000000000012      ,   2379.8082483300764      ,   0.0000000000000000      ,   2379.8082483300764      ,  -10.444393060467602      ,   0.0000000000000000     
  0.90000000000000002      ,   2361.8538906568206      ,   0.0000000000000000      ,   2361.8538906568206      ,  -10.370326079688173      ,   0.0000000000000000     
  0.91000000000000003      ,   2344.2014679260287      ,   0.0000000000000000      ,   2344.2014679260287      ,  -10.297494914236379      ,   0.0000000000000000     
  0.92000000000000004      ,   2326.8430310073527      ,   0.0000000000000000      ,   2326.8430310073527      ,  -10.225867149092304      ,   0.0000000000000000     
  0.93000000000000005      ,   2309.7709166597247      ,   0.0000000000000000      ,   2309.7709166597247      ,  -10.155411532373625      ,   0.0000000000000000     
  0.94000000000000006      ,   2292.9777344697718      ,   0.0000000000000000      ,   2292.9777344697718      ,  -10.086097922278840      ,   0.0000000000000000     
  0.95000000000000007      ,   2276.4563545158444      ,   0.0000000000000000      ,   2276.4563545158444      ,  -10.017897236974425      ,   0.0000000000000000     
  0.96000000000000008      ,   2260.1998957057926      ,   0.0000000000000000      ,   2260.1998957057926      ,  -9.9507814072158141      ,   0.0000000000000000     
  0.97000000000000008      ,   2244.2017147507358      ,   0.0000000000000000      ,   2244.2017147507358      ,  -9.8847233315490843      ,   0.0000000000000000     
  0.98000000000000009      ,   2228.4553957289090      ,   0.0000000000000000      ,   2228.4553957289090      ,  -9.8196968339071482      ,   0.0000000000000000     
  0.99000000000000010      ,   2212.9547402070284      ,   0.0000000000000000      ,   2212.9547402070284      ,  -9.7556766234685650      ,   0.0000000000000000     
   1.0000000000000000      ,   2197.6937578814423      ,   0.0000000000000000      ,   2197.6937578814423      ,  -9.6926382566260383      ,   0.0000000000000000     
