 Distacia_radial,Temperatura,Densidad
   4.0300000000000002      ,   0.0000000000000000      ,   0.0000000000000000     
   4.0899999999999999      ,   0.0000000000000000      ,   0.0000000000000000     
   4.1500000000000004      ,   0.0000000000000000      ,   0.0000000000000000     
   4.2100000000000000      ,   0.0000000000000000      ,   0.0000000000000000     
   4.2699999999999996      ,   0.0000000000000000      ,   0.0000000000000000     
   4.3300000000000001      ,   0.0000000000000000      ,   0.0000000000000000     
   4.3899999999999997      ,   0.0000000000000000      ,   0.0000000000000000     
   4.4500000000000002      ,   0.0000000000000000      ,   0.0000000000000000     
   4.5099999999999998      ,   0.0000000000000000      ,   0.0000000000000000     
   4.5700000000000003      ,   0.0000000000000000      ,   0.0000000000000000     
   4.6299999999999999      ,   0.0000000000000000      ,   0.0000000000000000     
   4.6899999999999995      ,   0.0000000000000000      ,   0.0000000000000000     
   4.7500000000000000      ,   0.0000000000000000      ,   0.0000000000000000     
   4.8099999999999996      ,   2.0618062230949210      ,  0.10281215692303670     
   4.8700000000000001      ,   2.3591953710227069      ,  0.14589806658310386     
   4.9299999999999997      ,   2.3424663735462889      ,  0.14029485710279993     
   4.9900000000000002      ,   2.2757441776797300      ,  0.14466461496225275     
   5.0499999999999998      ,   2.3043806191637497      ,  0.14272966405015994     
   5.1099999999999994      ,   2.3575537071124217      ,  0.14257208351430070     
   5.1699999999999999      ,   2.3331411753102458      ,  0.13796718786710085     
   5.2300000000000004      ,   2.3026750021661497      ,  0.13947459561834713     
   5.2900000000000000      ,   2.4073581477403003      ,  0.13694480831783351     
   5.3499999999999996      ,   2.2884706635923404      ,  0.13813022955896018     
   5.4100000000000001      ,   2.4047435681093274      ,  0.13682798322108145     
   5.4699999999999998      ,   2.3978314005409063      ,  0.13526120145865517     
   5.5300000000000002      ,   2.4107630839995280      ,  0.13500923335740561     
   5.5899999999999999      ,   2.3774767834432082      ,  0.13202047590470881     
   5.6500000000000004      ,   2.4007237015235696      ,  0.13444554297489525     
   5.7100000000000000      ,   2.4131415544546342      ,  0.13635361955195963     
   5.7699999999999996      ,   2.3815120264416283      ,  0.13922925968546204     
   5.8300000000000001      ,   2.4306873474065669      ,  0.14342153219647547     
   5.8899999999999997      ,   2.3866460539209999      ,  0.14212010038695533     
   5.9500000000000002      ,   2.4243751302952217      ,  0.14610526587014774     
   6.0099999999999998      ,   2.3970168494004915      ,  0.14237643978329029     
   6.0700000000000003      ,   2.3845240187643078      ,  0.14479514762030093     
   6.1299999999999999      ,   2.4542984896717339      ,  0.14783354014979178     
   6.1899999999999995      ,   2.4635547216652052      ,  0.14560459087273489     
   6.2500000000000000      ,   2.4733008146061635      ,  0.13997038841691092     
   6.3100000000000005      ,   2.4695480338409288      ,  0.14456614899836864     
   6.3700000000000001      ,   2.4621302936588561      ,  0.14839273892934093     
   6.4299999999999997      ,   2.4708924038550850      ,  0.14945363654284399     
   6.4900000000000002      ,   2.4810814635095797      ,  0.14884422494009861     
   6.5499999999999998      ,   2.4823258276594031      ,  0.14497054676698562     
   6.6099999999999994      ,   2.4821951614008060      ,  0.14638790951102643     
   6.6699999999999999      ,   2.4812364046594015      ,  0.14786519270754062     
   6.7300000000000004      ,   2.5351882916056536      ,  0.14827115915857184     
   6.7900000000000000      ,   2.5231578461863302      ,  0.14534591195830149     
   6.8499999999999996      ,   2.5246264471965114      ,  0.14454919504708172     
   6.9100000000000001      ,   2.4733977371891736      ,  0.14629967739548269     
   6.9699999999999998      ,   2.5420070455729551      ,  0.14534787349870767     
   7.0299999999999994      ,   2.5117253890894751      ,  0.14819105486733078     
   7.0899999999999999      ,   2.4894852962102347      ,  0.14924218636812461     
   7.1500000000000004      ,   2.4824181306803417      ,  0.14709818029973140     
   7.2100000000000000      ,   2.5250639246360334      ,  0.14760692592951138     
   7.2699999999999996      ,   2.5268220506940660      ,  0.14647289993414866     
   7.3300000000000001      ,   2.5473719883323382      ,  0.14929328760926258     
   7.3899999999999997      ,   2.5603690482312684      ,  0.14621104184834754     
   7.4499999999999993      ,   2.5211049311557070      ,  0.14779634175072889     
   7.5099999999999998      ,   2.5319551649776053      ,  0.14749005552182584     
   7.5700000000000003      ,   2.4664184387029580      ,  0.14870239828581955     
   7.6299999999999999      ,   2.5062251887556064      ,  0.14957374421304692     
   7.6899999999999995      ,   2.4657776217982543      ,  0.14976070898834840     
   7.7500000000000000      ,   2.4711974204000984      ,  0.14741769871343441     
   7.8100000000000005      ,   2.4849096248771732      ,  0.15035810868273661     
   7.8699999999999992      ,   2.4812582317245364      ,  0.14646822109800295     
   7.9299999999999997      ,   2.5056421591584295      ,  0.14539909591111694     
   7.9900000000000002      ,   2.4803566513070372      ,  0.14404420597040224     
   8.0500000000000007      ,   2.5063763735235773      ,  0.14339903493654699     
   8.1099999999999994      ,   2.4230454843644966      ,  0.14368470100974920     
   8.1699999999999999      ,   2.4334489241870063      ,  0.13973414739397719     
   8.2300000000000004      ,   2.4340334391064564      ,  0.14127769966741904     
   8.2899999999999991      ,   2.4088614238381325      ,  0.13915323199494459     
   8.3499999999999996      ,   2.4219046545816658      ,  0.13889165197132644     
   8.4100000000000001      ,   2.4447047475804409      ,  0.13596057627677544     
   8.4699999999999989      ,   2.4515131346960297      ,  0.13415208792252456     
   8.5300000000000011      ,   2.4726382065690640      ,  0.13286389219284861     
   8.5899999999999999      ,   2.4670575741275176      ,  0.13478890144361028     
   8.6499999999999986      ,   2.4753440433257636      ,  0.13521211361169752     
   8.7100000000000009      ,   2.4782053843562779      ,  0.13958815638546629     
   8.7699999999999996      ,   2.4645952758101433      ,  0.13759849122793028     
   8.8300000000000001      ,   2.4669274223284789      ,  0.13925604655051063     
   8.8900000000000006      ,   2.5121314537764547      ,  0.13954750335012506     
   8.9499999999999993      ,   2.5122783996824198      ,  0.14092799715180224     
   9.0099999999999998      ,   2.4924264030448806      ,  0.14299465559092092     
   9.0700000000000003      ,   2.5110334463804391      ,  0.14301145192724007     
   9.1299999999999990      ,   2.5114210454917352      ,  0.14508387879697446     
   9.1899999999999995      ,   2.5083154242223200      ,   9.6233230413061685E-002
   9.2500000000000000      ,   0.0000000000000000      ,   0.0000000000000000     
   9.3099999999999987      ,   0.0000000000000000      ,   0.0000000000000000     
   9.3700000000000010      ,   0.0000000000000000      ,   0.0000000000000000     
   9.4299999999999997      ,   0.0000000000000000      ,   0.0000000000000000     
   9.4900000000000002      ,   0.0000000000000000      ,   0.0000000000000000     
   9.5500000000000007      ,   0.0000000000000000      ,   0.0000000000000000     
   9.6099999999999994      ,   0.0000000000000000      ,   0.0000000000000000     
   9.6699999999999999      ,   0.0000000000000000      ,   0.0000000000000000     
   9.7300000000000004      ,   0.0000000000000000      ,   0.0000000000000000     
   9.7899999999999991      ,   0.0000000000000000      ,   0.0000000000000000     
   9.8499999999999996      ,   0.0000000000000000      ,   0.0000000000000000     
   9.9100000000000001      ,   0.0000000000000000      ,   0.0000000000000000     
   9.9699999999999989      ,   0.0000000000000000      ,   0.0000000000000000     
