 -0.85092186096459499       0.78305376721867903       0.16854542226422289     
 -0.29677087774234340       -3.0502512704079190E-002  0.17382670015922810     
   2.3749771597569023      -0.43500477852247699       -2.1264602092282057     
  -1.7695541199914424       0.17580052311726072        7.8531221498232773E-002
   1.3161408061687830E-002   7.2079509080009055E-002  -1.0221223441309766     
  0.14021176606428931       0.23033047607938023       0.72183678044260702     
  0.85754303167641177       -1.2605315945719333       -2.1770711349482594     
  -1.0162042776246940      -0.13586814495879468        1.3543782890503544     
 -0.19343238771235569      -0.22856151551630799        8.9691863923168025E-002
   1.2513813576141855        1.6497466429203826       0.36347261502225964     
  0.19747715047746447      -0.27960180697018827      -0.69041727403481845     
 -0.22477335992668881       -1.5237507392902025      -0.20120578973978126     
  -4.0759592667957319E-002   5.0497150002744448E-002   1.3036132194311938     
   1.1343547948632138      -0.97200216142667206      -0.97184173304972510     
 -0.90412866788031387        1.6682779771296075       0.91270989209141185     
   2.5280477192220001        2.0125618486039056        5.1793784316479498E-002
  -1.7822203796348790       0.16255077420402189       0.22605647812892080     
  0.86105040458774085        2.6373167510887194      -0.74717761356984580     
   6.4330251684819040E-002 -0.66409113256456209       0.69179764119963449     
  -1.5295624125194891      -0.42930509816812051      -0.95615249662102186     
  -3.1827821053323042      -0.22254226780945210       0.33406705217492955     
   1.2898699900934512        5.2207094477720657E-002  0.68401656106475428     
   1.4921557044276483      -0.46468524975603481      -0.15137298727568563     
   1.7921425120584791        2.7653791108838566      -0.10262104645437686     
  -1.9783713704117205       -2.0438947181796955E-002  0.29387480243680025     
 -0.22827674133773634       0.50732961764471995      -0.83827632924975215     
 -0.29873488524569908      -0.98760350059710256       0.26213070789077975     
  -1.2222591746321090       -2.3278861278863858       -1.2760023346621390     
  0.29393120766584258       -1.9505394668865286       0.97632884009489895     
 -0.43158889961601665        1.6624077889584845       -1.5587230994161105     
   2.3551170748076399E-002   1.9577665023276720        1.2866265004504123     
 -0.64493349433796310        1.6991492778372457       -4.2373587096058193E-002
   1.1465241204381247       -9.7690319248032981E-002 -0.34504579638808425     
   1.3647993486776655      -0.57219954295773967       0.59818724631526965     
 -0.43764129220212206      -0.92908983454095895       -1.7745089367169686E-002
 -0.15565932330138427       0.20136136444070066      -0.38495773233470953     
  -1.7765023156290884       0.62005580637305091       0.18579827965221718     
 -0.86510806204857460      -0.83112096496161769       -2.2209200483617444     
  0.93592354040563641        1.1859010439568345       0.83690375828999231     
  -5.5581190161530354E-002 -0.66714579117386008       -2.1843579883914255     
 -0.17520456978127052       -1.7890459329138761      -0.29710763844319743     
  0.77548088770049139       -1.5876643610641208        1.5790621797025477     
  -9.8485636828174253E-002   1.5056049486878724       0.35924825289041490     
   1.0547765409414624       -1.2775768915160017        2.0295186476279858     
  -1.4428819422768238        1.3063241902323068        2.2741287820075682     
 -0.94208885572419143       -2.6322933786028542       0.91993035782926047     
  -1.2262337515126158        1.9883892206206288       0.18842164583162135     
  -2.2190058309203944       -4.9813308060507065E-002  0.89832352345671340     
  0.42124488525224685        1.4843356905358303       0.18119153983062938     
   1.8796074745456965       0.79245789254829779       -2.8663055615010644     
 -0.88281849372510834       -1.2568641872945239      -0.41991796450738778     
  0.79870009839389444       -1.8091899516630239       -1.9045238611210364     
  0.36113199997806306       0.31630074157724358       -1.1127193172179097     
   1.4074726268386200       0.60501534354811859       0.28519427289480720     
  -2.1492435530428793       0.30706979597797246       -1.4594436966870736     
   1.0054083586701485      -0.43845908702808167        1.0216674704251281     
  0.73449353242338034       -1.4074989584144237      -0.34657206573828925     
  -1.1209428360684275      -0.51543268308632106        1.3427723797651072     
  -1.8640426542929671        4.9682264461942988E-002 -0.59580382742102822     
 -0.50954863427999630        1.6673967549542865       -1.5463654310314976     
   9.4210799891154828E-002  -1.2082714331692392       0.11405406072207448     
  0.56354779510526054       -1.0953867781126039       0.50297192108001931     
   1.8717070757313456       0.95154042375639403       0.46783491924861464     
   1.8549087243822706       -1.4414922947361826       0.71925805021005040     
  -1.3613090780273656       0.34403115701906767       0.63669975043868254     
 -0.38984521971092434      -0.19904757574273557      -0.60709369628692755     
 -0.44957468147859636       0.37182226030773430      -0.41526366214794497     
  0.22415234904363529      -0.15328202856855469      -0.15686671638212024     
   1.1512904941730400       -1.1320857971559297       0.59093033620685231     
  -1.6691879753399261        1.2761570485627312       0.41386450338468306     
 -0.32666831042168148       0.72807178877492496       0.34480721350762678     
  0.61638830635628450      -0.42786905201184133      -0.71529003664097079     
  -1.9369077318650045        1.0425188999952082       -1.7188592728729322     
  -1.0677981077637857      -0.21134559671363096        1.0676882615568153     
   2.2910272263782727       -1.7866536493682781E-002  -1.2574368886280600     
   1.0774862432140064       0.49378380301080277       0.46222874515692453     
  0.44665041933120669       -1.6695347428093132      -0.14648277044265989     
   2.0884693418313138        2.0062822391932582      -0.42015395372338876     
   1.3884325177547723      -0.88567816298403257      -0.88719290606097168     
  -1.1444689053028252       -2.8124401785554465      -0.43303079821497226     
  0.16538816380813526       -1.3019877016529993      -0.20210324107994879     
  -1.1550824857412298       -1.5254405067010841       -1.2629949007880830     
  -1.4322657698336432       -1.4713553793346601       0.64795269605699968     
  0.15153225752351526       -1.8934126827400935E-002  -1.8518983120746468     
   1.3536773005458898       -2.3498209312540137       0.83231273590144339     
 -0.87283518802543036       0.37575064186452595       0.69079640479656568     
 -0.53194119814319751        1.3275954500911074       -1.7118452999980180     
  0.49004453424971861       -1.5302304280065744      -0.53252109214115861     
 -0.71349935687966470       -1.2212087505574265      -0.12381668630179170     
 -0.41751126977176711      -0.22348851635796432      -0.65162162722646633     
 -0.78473850262161349      -0.40542064848415654      -0.93511954881431114     
  0.64563771864233233      -0.56496540228664816       -2.1370452755981446E-002
  0.98510694305324586        1.1397354644771693       0.79125706256126727     
 -0.93485092734064623       -2.3422978547847655       -3.2917943357847541E-002
  0.37613208040951601        1.3191548860471050       0.40758024214071026     
 -0.90152811036742408       0.46249721524142062       0.57931988344524399     
 -0.61556781127333959      -0.18265582524274473        1.7549055696960456     
  -1.5857288259576094       -1.1148825816382415      -0.66208310180352448     
   1.0455786178195834       0.71919128280851519       -1.4825917500792490E-002
  -5.5308310985915127E-002 -0.95537721728711300        8.9710127702994941E-002
   1.5645218806225523      -0.84595846873458413       0.92063538418918633     
  -9.9242393435162057E-002  0.90368670444957921      -0.15027834303493198     
   3.4255903116909667E-002 -0.95250216767357787      -0.12190656585018632     
  0.22826259680074351        1.6433130935939921       -8.4437951850666285E-002
 -0.22503704455757476       0.80387136478713006       -1.0199343137472068     
  -8.2809903437696536E-002  -1.2401280853039322E-002 -0.11272152134304182     
  -2.5763049217286866      -0.62295799060705448       -1.0655720644363396E-003
 -0.29348786766229784      -0.54472014582482486      -0.54291707080570561     
  -1.9295482902936787       0.14010359848765935      -0.66241193982437419     
 -0.50471918348386557      -0.88421598607086394       -1.0907305856623206     
  -1.4043736723363419E-002  0.29344564525236611       -1.1634882735742829     
 -0.23344350510736442      -0.14249500536674839        1.1033607595137795     
   1.6495746252179573      -0.10849273121935286      -0.43239312130722468     
 -0.24246552820604106      -0.77675114045135463       0.33522534535953041     
   1.6855099700593883      -0.89602649220562969       -1.4437391365141969     
   1.0413365150951872       -3.1462226760681070E-002  0.16155404542589563     
  0.59734129035651018        2.5400184415135794      -0.20271333962410362     
  0.71797386437870014      -0.85040654419595718       -5.6098598049384319E-003
 -0.85283860663968003      -0.95848490326713254       -1.3265939566135432     
 -0.12542021072141846        1.9718008097253714       0.47005333719249681     
  -1.2506012564006705       -1.6857774550044322       0.42947216537305710     
 -0.65825419309804423      -0.96115756508695604      -0.42028017034367920     
  -9.5140173450893178E-002   1.2033520561552626       0.88072334805264918     
  0.78538605982867093        1.9058871233552814       0.10477347523780632     
 -0.53707241874317202        1.8265678056941408       -1.5948588983579310     
 -0.11974853793518235       0.53972381540273662      -0.41555341440153498     
 -0.26224229431074619       -2.1204851672841554       -1.3379078926942689     
   2.0711229930282609      -0.25955615378482755       -1.1933331765050754     
   1.3851572378020449       0.89028241636236616       0.45613515447823405     
 -0.81073561930910543        1.3407608699357021       -1.0246372401060249     
 -0.34883713822505485      -0.13996058558471094       -1.2497808448155794     
   1.3637221268784565      -0.35861206959718156       0.47783366482744155     
 -0.63649519661159115      -0.31204043702217282       0.71687051460513107     
 -0.50785990529879965       0.90788665978188787      -0.81460965407157826     
  -3.0457936167028121       0.62680962009304386       -7.7224624513249976E-002
 -0.14504382451550915       0.10505832811894912      -0.53011506427034827     
  0.58349483880234709       0.73870916552907440      -0.80343938472980470     
 -0.35996248244006895       0.51016872670839974      -0.83691180302666079     
   1.2742924205623840      -0.25603868935832441       0.49286262307386569     
  -1.3277549681348970       -2.8090747959129763       -2.4658265041585481     
 -0.90114575715725287      -0.16448592290927380        1.0084624626941827     
 -0.41506854969007750      -0.95946335735768240       0.29204007654218173     
   1.0133378310969183       -1.7353764337161741      -0.93676415579133976     
  -1.2303189422338729       -2.9979075602158213E-002 -0.84415055306087450     
  0.57202207897052659       -1.0692569166762664       0.11989738453711184     
 -0.24520279096339972        1.2500575251685999        1.2648009794105128     
  -1.1255832564756256       -1.1091069024957581        2.0116842342448611     
  0.57768288481926910       0.61483459077916658        1.3291322619080410     
   1.4466407691789696       0.25553587381470466       0.86266578364322299     
  -5.1276262109070736E-003  0.43361103104612808      -0.34555818930401205     
   8.4672976838280539E-002  0.65185402694754058       0.52299496756935737     
 -0.13663903058607799      -0.49434210236880849        1.2318595887997812     
 -0.51506386851498931        1.3759925527575016E-002   1.7907194788935656     
  -1.9628095505303642       -1.4294217182348739       -1.8173595287206044     
  0.46913897799801058       -2.3699165938032616      -0.30618464071421297     
  -1.0332222475506589       0.62130924285934375       0.79728530193709035     
  -1.2122244250147944       0.28678175149382445       0.28179465395642389     
  0.46504710631654445        1.1131710508371973       0.75125188141939958     
   1.9052632832301373       -1.2613457145779212       -2.2734681926513831     
  0.14735103832121615       0.38058638578659193        1.2763874053765887     
 -0.12484066280357339      -0.15829613751466770       0.96902397358428471     
 -0.45645608397402426      -0.60370551278526963        1.8966952580202985     
   7.8947018116249573E-002 -0.50676952861427027        1.2027100737198535     
 -0.33582306284397589        1.1616394064909359       -1.4435957287224126     
   1.4698090081660085       0.98969885131241253       -4.0111395070890926E-002
  -1.4906392656159055      -0.31413400645220957        1.6017436178182574     
  -1.5146496972326107      -0.28315272388786045      -0.25695977467097125     
   1.3743813317329867       -1.4128017437778777        1.5275719176112244     
   1.1262674968164399      -0.56038931967709893      -0.78684423919091362     
   1.1830219921860594       -4.9138773549020916E-002 -0.57241388655740544     
  0.49274900703543273      -0.23625616256832657        1.2232514093945446     
  0.52197373285471094       0.75037066865814939        1.0929014777312718     
 -0.78891907295442576      -0.81279190113939226       0.23862405318801150     
  -7.4516918683494734E-002  -1.7529141639896704        1.0741646135660530     
 -0.46551857682060954      -0.79554656693231085       0.39208639034090137     
  -1.9494050543265029        1.4499733413451694        1.0156311222727163     
   2.1948802471055728       0.75860814481483929        7.2434308711940357E-002
  0.99840299519541331        2.1658478070790248        1.3131588949649085     
   8.9222876135435399E-003  -1.4711530907969483      -0.17268366912820346     
  0.71459738548142149      -0.24803458018755986       0.12667390274534188     
 -0.73793910525761441      -0.17222097155714197      -0.20403498332246761     
 -0.14702977036429560      -0.42147990818227066      -0.98200819751955148     
   3.6462968336567841E-002  0.22581851816970877       0.72059605259811699     
 -0.41069993157800766      -0.90593517064545459       -1.2453651889153310     
 -0.52543047111554142       -2.3502376157096209E-002  0.75782949445902204     
  0.57253094239163149       -2.0094626613734943       -2.0135387297965761     
   1.6784244590560076       -1.0426717453836751      -0.41152393412474303     
  0.89199584078372895       0.50764006521048688       0.81153215275414126     
 -0.83142972787670133       -1.1758054796879560        1.0500188418473948     
   2.9961681272665124        1.0466355788508996       -1.4411502076066536     
  0.57781912833509297       0.84375153542382486      -0.81672905067148938     
 -0.91378068166298010       -1.1123394274781004       -7.3405962271522851E-002
  0.91109190397579509        1.9716377156502178       0.56363536471598286     
  -1.0537229002349726      -0.67393882468906496        1.0952312243530464     
  -2.0335146950202030      -0.33703848299340550        1.5480723380293377     
   1.8488429428149349       -1.7675439536582689       -3.2310640864691743E-002
 -0.46988396634595903       0.44095502264773578        2.5311561996399448     
 -0.43740934227962380       -6.3475884512169097E-003 -0.58293571558838309     
  -1.5911016081177123        1.8187427269821510      -0.89391636020932419     
  0.13184558064893082      -0.35764582422264490      -0.55070665863889567     
  0.54609857235850090       -2.1574788241702727       -2.3409277902286637E-002
  -1.5290061546889266       0.11879312891115985      -0.44487771832637829     
  -2.2061494965078188E-002  -1.5360622717814121       0.88844165559788790     
  0.32779949741405234       0.19754085329188625       -1.5961676219151784     
  0.58732439786819135       0.61325292089184302       -6.5671007738010351E-002
  0.42419509116540083       -1.4804034408881486      -0.75428590644707050     
  0.39737824345234735       -1.0265890318166808       -1.3656465256659776     
   1.1385244246756401       0.96357619570026265       0.41357716061339994     
 -0.52714910496666190       -2.4815645565961173        1.4622913423762987     
  -1.8152125199774005      -0.13999441182843772       -1.1418276790540713     
  0.46114865739567512      -0.82874777141394618       0.30984673948102481     
  0.43233126118105031       0.92463048113106550       -1.2373518728308905     
   1.3807479632707285        1.8569239396177233       0.20191983843596556     
  0.14649784648646463       0.15767355501799143        2.0809693738322999     
   1.0963528706646599      -0.23516081392246391      -0.76738510633918211     
   1.0781381477208019       0.57217034781242304        1.5290225507774438     
  0.30720509634014692       0.25115982215271637       0.30685721633351787     
  0.11725730201975697       0.72585855444443348       0.55802061411274406     
   3.4338924949918075E-002   3.7073148373832372      -0.39119280492876257     
   1.0029906535050395        1.1515217325098128       0.26428544562972217     
  -1.0000141576488322       0.58763864604319893        1.2405981112230404     
  0.36368905801948920       -1.0783257838809432       0.95689773358834240     
 -0.64842301045691231        1.5768636927108604       0.99681602867850572     
   6.7093748103384240E-002 -0.40928738698632405        1.1320559067554989     
   1.2629439283127433      -0.26945544482844314       0.14911543270163516     
  0.78890577667156803       -1.4142238889682155       0.32992118363193784     
  0.91959365658196557       -9.7471532478237463E-002  -2.2654862551883714     
  0.64694099322699616        1.4602040260539249       -1.8571291003825927     
  0.96175281216947761        2.5214868866608606      -0.12175343677285105     
 -0.72394241189145470       -1.1109849035762718       0.57766441754613029     
  0.13557989734606488       0.16286563718311484      -0.45879385674232781     
   1.8622945491852196       -2.5274666072947233E-002  0.41918159913457836     
  0.22143116722872980      -0.82408030447104841        1.0420151657724803     
 -0.87865747053627430      -0.34715584658528453      -0.34507734140396462     
  -1.5416650947325941       -2.4649958586391987E-002   3.4115205503034984E-002
 -0.61917102176755912      -0.64468837618988517       0.53340646998936225     
  0.90218400936133702       0.87561887847772291        1.3380009361942908     
  -1.0538814551976790      -0.44383567241336475       0.43039378076811480     
 -0.91038026541146833      -0.40710248650549130        1.8480197443858852     
 -0.17118851585821585      -0.20965749051561006      -0.64153496803305754     
 -0.12236362743647827       0.46969974045676310      -0.52879345184937065     
  0.33113571661709545      -0.36515922894767333       0.82522079289179329     
 -0.14591071246847723        8.1515919747271348E-002  0.15375712836591529     
  -1.4563877279218964       -3.5336176752303772E-002  -1.0583697928981644     
  -1.2014468671664489       -1.6051433844601466        1.3397676872370794     
  0.68587390284263816       -1.4795653486053788       0.24492378985935387     
  -1.1324681708076259       -1.5107697421816213       -2.1393357607400629     
   1.2637405355631663        1.2318878428873599       0.41039620331128063     
 -0.34755689956589442       -1.9674038509369893       -4.6750318578551914E-002
 -0.31200897693747559      -0.28063408960828939        1.0311359242501963     
 -0.30915630207290340       0.24136876009624753       0.93317620010807101     
 -0.38403069991046146      -0.88927597316346219       -1.7923934458545769     
 -0.79451457677368720       0.21948658142097061       0.32236754543846713     
   2.5256889658294370       0.27864402091054941      -0.22303464639641582     
 -0.10177638435225790       0.64386816601803842        1.7838378073763421     
  0.48508238697074313       0.72719326306745991        1.6852279617650165     
   2.2117742719929466E-002   1.4670738578322469       0.85826968374508672     
  -1.5397314413911094       0.82767423121708328       -1.4216267447990185     
 -0.90107759123285192       0.50051408132519226        1.8717314053493104     
  0.29620329415735902        5.3597874553717194E-002 -0.88687196110842637     
  0.67674873082249565       0.92794508782241458      -0.66334350849634882     
  0.52523442558320932        2.5999222119462457       0.26759462631090869     
 -0.33363403008576942      -0.14914689623846472        1.3915941418959668     
  0.26152953737809059      -0.18736853737285450      -0.35037999394259817     
 -0.53977419555995954       0.17184970128507937      -0.92468650013467146     
 -0.23090069908198557       0.36921588959339036      -0.24159636114848798     
  0.73555033517299850       0.44180494330112391        1.4534845617025351     
  -2.4380749521181944       0.13509404365263145       0.12121976836729717     
  0.39221045981875591      -0.10664099069709423        1.7055814750085767     
  0.60469970299088738      -0.10552255936738443       0.48655198389767318     
  0.85195315211891898        1.4382037842431146        1.9412904020893591     
 -0.47628859792017886      -0.47967606838635179      -0.58628533485688950     
   3.8808115888730264E-003   3.0995432372245135        1.0679810165710728     
  -1.3904988105736438       -5.8844799916875747E-004  0.88389077382101122     
  -1.8787595443873528       -1.6326804072318213       0.29752001648534221     
 -0.52662800043029678        1.5888295597104685       0.16451206555982964     
   1.3444677440742145      -0.31651643167548582      -0.30328755658293211     
  0.34690432769708934      -0.18926222848701790       0.82374993948116626     
  -3.8722290621390994E-002  0.16242021837178872      -0.17333076727852662     
  0.69596235411593010       0.67860370918637325       -1.3831684682152123     
  0.14199581793865826       0.88208015997569822       -6.1612875922862154E-003
   1.6513967053391541        5.4789996403815489E-002   1.6019486418240985     
  0.90872974816251306       -6.6100524683200643E-002  -5.5863785112936402E-002
  0.38228127449004817       0.46016139043862381       0.77989554429143060     
 -0.77217323449024000        1.8484295534768793E-002  0.91103356612223585     
  0.93516647633430894        1.9547488015718419        1.5008007932562597     
   1.9623848897406986       -1.6644701195785012       0.27387889932317105     
 -0.26120465607245924        2.1813580776910619      -0.35683547306043578     
 -0.53919289383556235       0.46264896447908849      -0.96321347641547972     
  0.26314361349030929      -0.34349437136420585       -1.1790313384836437     
  0.79011684578751129      -0.85483821757585676       0.38829417398438104     
  0.17156237358707710      -0.45739201426324844        1.2326176257052426     
  -2.1478943255218907        1.6902380172888039        1.8758766197917733     
 -0.92851895451296551       0.95380913767729325       0.60263906930750799     
  -1.1396163535041428      -0.30221165270256517       0.26248551025386285     
  -2.9193861248852531       0.43686027376883557       -2.7120512694233443     
 -0.89848225247621949        1.1192358980739849       0.41951157420643048     
   1.0023506630895820      -0.15031314324724873      -0.38613073551949501     
   1.7426675720739480      -0.80006959854414261       0.95941043292605421     
 -0.17795680995223939       -1.1317340733783232      -0.96223885622322347     
 -0.77759670522547419       0.40687975053838082       0.12829087013118001     
  0.36104233333542746       -1.0711567101771571       0.19735534878265334     
  -2.6262714068344888        4.7362697389587899E-002 -0.47398107648244703     
   2.1367588284692567      -0.59843521191670068       0.80603231545856913     
  0.22075581895051422        1.0292378617561668       -1.1604947683796534     
  0.60763050805038910      -0.46781307843777364        1.0496075722536555     
  0.88433720368146929       -1.1943644807225424       -1.2597769982959546     
 -0.76292571285114563      -0.39814927443982784        1.0495244665653782     
  0.18233411843431646       0.89362970402110686       0.37332980884064099     
 -0.38815244444778879       0.93244819335359708      -0.78751969692678070     
 -0.97895840844898285        1.1132207715854530      -0.42346296954824297     
   1.6346412859642687       -1.0207790954488856       -1.3374001668544904     
  0.25365129414787524        7.7199250104648329E-002  0.69568040248847807     
  0.48308110634751850        1.5040145465008603       0.64726310806952569     
   1.3889421175508883       -1.4394475447321651      -0.61041191303364251     
   1.9182902927081100      -0.90698590776782806        1.9438829883017155     
 -0.86201441138621793      -0.10938675147480240       -1.0438648259771359     
   1.3437150379173706       0.29168172624274830      -0.27797232717039289     
 -0.70824850651470839      -0.94556741164681846        1.1140631662748972     
  0.49514632753907467       -1.4829199988741588      -0.11052392338861529     
  0.33492795000434955       0.29990767981827493        1.5241558873395393     
 -0.32745509489126812       -1.4001232104575068       -2.4124471004947221     
  0.63144205884795701       -1.0485217744114657       0.11049460557362939     
   6.2081446119397317E-002  -1.3428657625654798       0.80146981394342054     
 -0.61568372835120355        1.0460732122660261       -1.6944434939728936     
  0.24442432072379969        5.8188915329054965E-002   1.6566163604541109     
 -0.77403858856914620       0.58515694914643690        1.1750292282982633     
  0.63013848145061324        1.4474553597773296       -1.2516948361239328     
 -0.71158369383569609       -8.4115618489166308E-002  0.21731370885611176     
   1.7277225072494133       -1.1779549493976389      -0.40265623947366325     
 -0.67180632084646263        1.0238293403380319        1.7828358419010708     
 -0.37156004971688045       -1.4871180889765816       0.51409933645992800     
   8.4217784076557015E-002 -0.37928960544494777       0.43854595840879612     
 -0.37311249637920396       -1.2642453571901500       -2.6572503812307056     
  0.22286084119170577        2.1382735643164263       -9.9569449311568151E-002
  -1.6240369338650924       -1.6428194689298958E-002   1.2415735917793623E-002
 -0.54425419138965325       -1.4321485805734071      -0.22108269786933021     
 -0.34598157646149602       -6.4138951998951602E-002   1.3882944007201827     
  -1.0807035703462233        1.0489510279928314        8.2401877240811036E-002
  -1.2438488804074119      -0.91062591981889895       0.80304355233709257     
  -1.1822996743709739       -2.1446758084974586      -0.49241855263686729     
 -0.64409457031087358       0.16778445559684310      -0.57755116117497296     
 -0.68313953315134002       -1.4161788335688181       0.78046702959993897     
 -0.13264868017118139        2.8189551023120512       -1.6993183083574825     
  -1.5063954072381893       -1.2667165821768620      -0.24439759028275168     
 -0.16574624445416286       -6.2588243784054256E-003  0.67128976847060728     
  0.80357447582482255       -1.0800313781326671      -0.56667411114376709     
 -0.93256893976134836        1.6153214471184436       0.32103537361343559     
   2.1630386185568709       -8.7262571038109055E-002  -8.5215144174700885E-002
 -0.15224706113373832       -1.1546525559857699        1.1652856922609967     
   6.6149815369667450E-002 -0.48525708609543255        1.5647464998955452     
   9.6613541512268156E-002 -0.74870040431093698       0.88712045832699149     
  0.73228622779347030        3.0263908622342177E-002 -0.28970337057667267     
 -0.79900244307950363       -1.4112056402773381        8.4944462081449956E-002
  0.29419100643167723       -1.8300774359877463      -0.53031550899642643     
 -0.56498692888999791       0.87367071870916513       0.32760393353118145     
  -7.6868094775876944E-002  0.50326766116411625       -1.5901228956966509     
  0.46513375084798270       -1.7539371057315143       0.96116228904092327     
 -0.23755814811443507       -1.3777596365222353      -0.62736699473312929     
  0.56750789580697336      -0.46558594203095371       0.32122177318915990     
   1.5247416187115188        1.1050531776055736       0.89175789353048263     
  0.34986702747896753       -1.0562673219281327        1.0219561737365983     
 -0.32664558139165828       0.34047763983456758       -1.0492006079728755     
  0.35318445290371286       -1.2514469278286044      -0.74259322236331915     
  -1.1652893117002392       -1.9850523878861701        2.1836712625976920     
 -0.23152707242901291        1.6520683984651579        1.2252143728879741     
   2.0414222951005666E-003 -0.60503003845914505       0.32262015887853712     
   1.3119116757862204       -1.1249395377519589       0.80459150524129741     
 -0.24579041580365490       0.31855956236871880      -0.35113811728455907     
   1.4571594562051300       0.11138356761522424       -1.8426091349335347     
  -1.0029053994464532        1.2366881684113984      -0.73506691251741951     
 -0.49768939013745389       -1.8710216543936011       -1.4540025746969492     
 -0.21009751160775289        1.5081337302860023      -0.49995860963749666     
  0.84125142021752208      -0.31417148378311599       0.26838692662236863     
  0.67534110023261551       0.35789193300249522        1.0111497008939414     
   1.3723928074198812        1.0468058972423371       0.96392263270202494     
  -1.3608049247269023        1.4623004391408976       0.91145569521507175     
  0.24067950831817250      -0.45503289550155512       0.54400460825019359     
 -0.66872608896307284        1.8403791504986178       0.79538263605224602     
   1.1721888015515050        2.0527079931738790      -0.86288365802179745     
   1.5187525371052428       0.56311583235070295       0.31842818693517866     
  0.16608977385474624       -1.7355757992813299      -0.33981768976831339     
 -0.80238865914393520       0.30016019618647827       0.19817114179112277     
  -7.9769702995076533E-002  0.35159854466760099        1.6366979016159358     
 -0.97307244980838303      -0.75369644316037510       -1.3653731213503604     
  0.47169115280866297        1.0321881331635092       -1.6957863326826699     
   1.2747517060255824       0.66562152604057523       0.35437736282331317     
  -1.5733448988176693       -2.7568310689184967       0.34811143756786878     
  0.48807067937783211        1.1200748268580085      -0.25647954246265436     
   1.2906109310815936        1.5659467165939867       -5.5681581438500438E-002
 -0.52671545115467744      -0.14992957199328161       -1.2890684096571412     
 -0.60265625665564992       0.65097631454387050       -1.5252466575749055     
 -0.79542375466660442       -1.5465963102855806      -0.45600659983758879     
  0.92694319302865280       0.24642632153429236       -1.2960645841123108     
  0.66798644302015631       -2.6259249009506946E-002  -1.5565147223926672     
  -1.2760842412819164       -1.1605938734772470        1.5406931038231373     
  0.13205553635145612      -0.77008734200929274       0.72062568703739160     
  0.80045990895165953      -0.31505033758627299      -0.37587928440056012     
  0.18960591543905914       0.75424064004231972      -0.99218540363360164     
  -1.7073227793509727       -6.0150336562950204E-003  0.80939086014026107     
