 Tiempo,Energia_pot,Energia_cin,Energia,Presion,Temperatura_md
  1.00000000000000002E-002 ,   120.40491493669805      ,                       NaN ,                       NaN ,                       NaN ,                       NaN
  2.00000000000000004E-002 ,   23.467453183157449      ,                       NaN ,                       NaN ,                       NaN ,                       NaN
  3.00000000000000024E-002 ,  -6.8456649560965745      ,                       NaN ,                       NaN ,                       NaN ,                       NaN
  4.00000000000000008E-002 ,   23.240915063248604      ,                       NaN ,                       NaN ,                       NaN ,                       NaN
  5.00000000000000028E-002 ,   5.8672364056255155      ,                       NaN ,                       NaN ,                       NaN ,                       NaN
  6.00000000000000047E-002 ,  -20.785350420993581      ,                       NaN ,                       NaN ,                       NaN ,                       NaN
  7.00000000000000067E-002 ,  -19.304398673388892      ,                       NaN ,                       NaN ,                       NaN ,                       NaN
  8.00000000000000017E-002 ,  -23.988576641803572      ,                       NaN ,                       NaN ,                       NaN ,                       NaN
  9.00000000000000105E-002 ,  -10.100783265634965      ,                       NaN ,                       NaN ,                       NaN ,                       NaN
  0.10000000000000001      ,   38.944080356213362      ,                       NaN ,                       NaN ,                       NaN ,                       NaN
  0.11000000000000001      ,  0.69790278345458090      ,                       NaN ,                       NaN ,                       NaN ,                       NaN
  0.12000000000000001      ,   14.022224949105675      ,                       NaN ,                       NaN ,                       NaN ,                       NaN
  0.13000000000000000      ,   5.6051357777507365      ,                       NaN ,                       NaN ,                       NaN ,                       NaN
  0.14000000000000001      ,  -19.032018413883456      ,                       NaN ,                       NaN ,                       NaN ,                       NaN
  0.15000000000000002      ,   9.6802145005458975      ,                       NaN ,                       NaN ,                       NaN ,                       NaN
  0.16000000000000000      ,   15.159579062767522      ,                       NaN ,                       NaN ,                       NaN ,                       NaN
  0.17000000000000001      ,   19.461699029445356      ,                       NaN ,                       NaN ,                       NaN ,                       NaN
  0.18000000000000002      ,   7.2217912792274772      ,                       NaN ,                       NaN ,                       NaN ,                       NaN
  0.19000000000000000      ,   94.319898785154251      ,                       NaN ,                       NaN ,                       NaN ,                       NaN
  0.20000000000000001      ,   886.54671488064173      ,                       NaN ,                       NaN ,                       NaN ,                       NaN
  0.21000000000000002      ,   13.448676946145998      ,                       NaN ,                       NaN ,                       NaN ,                       NaN
  0.22000000000000003      ,   24.863837175064560      ,                       NaN ,                       NaN ,                       NaN ,                       NaN
  0.23000000000000001      ,   137.27579196080640      ,                       NaN ,                       NaN ,                       NaN ,                       NaN
  0.24000000000000002      ,  -17.365715149266151      ,                       NaN ,                       NaN ,                       NaN ,                       NaN
  0.25000000000000000      ,  -34.872651967204483      ,                       NaN ,                       NaN ,                       NaN ,                       NaN
  0.26000000000000001      ,  -29.680836720526433      ,                       NaN ,                       NaN ,                       NaN ,                       NaN
  0.27000000000000002      ,  -14.722166598365089      ,                       NaN ,                       NaN ,                       NaN ,                       NaN
  0.28000000000000003      ,   95.367813894729068      ,                       NaN ,                       NaN ,                       NaN ,                       NaN
  0.29000000000000004      ,   89.763555769093088      ,                       NaN ,                       NaN ,                       NaN ,                       NaN
  0.30000000000000004      ,  -19.024052252093316      ,                       NaN ,                       NaN ,                       NaN ,                       NaN
  0.31000000000000000      ,  -8.7009738824971201      ,                       NaN ,                       NaN ,                       NaN ,                       NaN
  0.32000000000000001      ,   50.959057503649305      ,                       NaN ,                       NaN ,                       NaN ,                       NaN
  0.33000000000000002      ,  -15.047227796246204      ,                       NaN ,                       NaN ,                       NaN ,                       NaN
  0.34000000000000002      ,  -31.650899917699022      ,                       NaN ,                       NaN ,                       NaN ,                       NaN
  0.35000000000000003      ,  -27.532348884932819      ,                       NaN ,                       NaN ,                       NaN ,                       NaN
  0.36000000000000004      ,   1460.2373653974430      ,                       NaN ,                       NaN ,                       NaN ,                       NaN
  0.37000000000000005      ,  0.57820129135111720      ,                       NaN ,                       NaN ,                       NaN ,                       NaN
  0.38000000000000000      ,   30.807812673335654      ,                       NaN ,                       NaN ,                       NaN ,                       NaN
  0.39000000000000001      ,   146.02185647821929      ,                       NaN ,                       NaN ,                       NaN ,                       NaN
  0.40000000000000002      ,  -13.189984073536193      ,                       NaN ,                       NaN ,                       NaN ,                       NaN
  0.41000000000000003      ,  -22.603325711202150      ,                       NaN ,                       NaN ,                       NaN ,                       NaN
  0.42000000000000004      ,  -19.817935597469983      ,                       NaN ,                       NaN ,                       NaN ,                       NaN
  0.43000000000000005      ,  -31.647147986720732      ,                       NaN ,                       NaN ,                       NaN ,                       NaN
  0.44000000000000006      ,   250.69045650306120      ,                       NaN ,                       NaN ,                       NaN ,                       NaN
  0.45000000000000001      ,  -12.594935016011078      ,                       NaN ,                       NaN ,                       NaN ,                       NaN
  0.46000000000000002      ,   42.049031488659004      ,                       NaN ,                       NaN ,                       NaN ,                       NaN
  0.47000000000000003      ,   451.05567219247172      ,                       NaN ,                       NaN ,                       NaN ,                       NaN
  0.48000000000000004      ,  -15.268204093040261      ,                       NaN ,                       NaN ,                       NaN ,                       NaN
  0.49000000000000005      ,   1.2076147993085633      ,                       NaN ,                       NaN ,                       NaN ,                       NaN
  0.50000000000000000      ,   181.55597246091085      ,                       NaN ,                       NaN ,                       NaN ,                       NaN
  0.51000000000000001      ,   1399.8604317958022      ,                       NaN ,                       NaN ,                       NaN ,                       NaN
  0.52000000000000002      ,   1145.3941939820907      ,                       NaN ,                       NaN ,                       NaN ,                       NaN
  0.53000000000000003      ,  -2.8519463029486833      ,                       NaN ,                       NaN ,                       NaN ,                       NaN
  0.54000000000000004      ,   116.69776883173117      ,                       NaN ,                       NaN ,                       NaN ,                       NaN
  0.55000000000000004      ,   267.75331115206006      ,                       NaN ,                       NaN ,                       NaN ,                       NaN
  0.56000000000000005      ,   650.61268876778774      ,                       NaN ,                       NaN ,                       NaN ,                       NaN
  0.57000000000000006      ,  -15.610466691681722      ,                       NaN ,                       NaN ,                       NaN ,                       NaN
  0.58000000000000007      ,   459.43724124261610      ,                       NaN ,                       NaN ,                       NaN ,                       NaN
  0.59000000000000008      ,  -25.377936135883893      ,                       NaN ,                       NaN ,                       NaN ,                       NaN
  0.60000000000000009      ,   30.914593950302734      ,                       NaN ,                       NaN ,                       NaN ,                       NaN
  0.61000000000000010      ,   164.95756057361046      ,                       NaN ,                       NaN ,                       NaN ,                       NaN
  0.62000000000000000      ,   125.07080041718292      ,                       NaN ,                       NaN ,                       NaN ,                       NaN
  0.63000000000000000      ,   1.3525243802191798      ,                       NaN ,                       NaN ,                       NaN ,                       NaN
  0.64000000000000001      ,   9.7001091940214152      ,                       NaN ,                       NaN ,                       NaN ,                       NaN
  0.65000000000000002      ,   47.140648305986666      ,                       NaN ,                       NaN ,                       NaN ,                       NaN
  0.66000000000000003      ,   723.07449673415147      ,                       NaN ,                       NaN ,                       NaN ,                       NaN
  0.67000000000000004      ,   9.6918822731375336      ,                       NaN ,                       NaN ,                       NaN ,                       NaN
  0.68000000000000005      ,   15.755843195156421      ,                       NaN ,                       NaN ,                       NaN ,                       NaN
  0.69000000000000006      ,   12.891419793037972      ,                       NaN ,                       NaN ,                       NaN ,                       NaN
  0.70000000000000007      ,   5.2961564337451987      ,                       NaN ,                       NaN ,                       NaN ,                       NaN
  0.71000000000000008      ,   55.278263046709327      ,                       NaN ,                       NaN ,                       NaN ,                       NaN
  0.72000000000000008      ,  -13.637998644173646      ,                       NaN ,                       NaN ,                       NaN ,                       NaN
  0.73000000000000009      ,  -21.601638494058793      ,                       NaN ,                       NaN ,                       NaN ,                       NaN
  0.74000000000000010      ,  -24.950257502784709      ,                       NaN ,                       NaN ,                       NaN ,                       NaN
  0.75000000000000011      ,  -23.225558879610144      ,                       NaN ,                       NaN ,                       NaN ,                       NaN
  0.76000000000000001      ,  -14.520001931157239      ,                       NaN ,                       NaN ,                       NaN ,                       NaN
  0.77000000000000002      ,  -20.419740775370258      ,                       NaN ,                       NaN ,                       NaN ,                       NaN
  0.78000000000000003      ,  -17.944041468307216      ,                       NaN ,                       NaN ,                       NaN ,                       NaN
  0.79000000000000004      ,   6.8019896692056117      ,                       NaN ,                       NaN ,                       NaN ,                       NaN
  0.80000000000000004      ,  -14.381542628785034      ,                       NaN ,                       NaN ,                       NaN ,                       NaN
  0.81000000000000005      ,   4.2689282850849031      ,                       NaN ,                       NaN ,                       NaN ,                       NaN
  0.82000000000000006      ,   10.033196740818909      ,                       NaN ,                       NaN ,                       NaN ,                       NaN
  0.83000000000000007      ,   4.5347523006844943      ,                       NaN ,                       NaN ,                       NaN ,                       NaN
  0.84000000000000008      ,   44.419296725148236      ,                       NaN ,                       NaN ,                       NaN ,                       NaN
  0.85000000000000009      ,   40.676013845124650      ,                       NaN ,                       NaN ,                       NaN ,                       NaN
  0.86000000000000010      ,   144.46908287924495      ,                       NaN ,                       NaN ,                       NaN ,                       NaN
  0.87000000000000011      ,  -4.5598650155100033      ,                       NaN ,                       NaN ,                       NaN ,                       NaN
  0.88000000000000012      ,  -9.6791244220464598      ,                       NaN ,                       NaN ,                       NaN ,                       NaN
  0.89000000000000012      ,  -24.896756186970059      ,                       NaN ,                       NaN ,                       NaN ,                       NaN
  0.90000000000000002      ,  -18.420337406425542      ,                       NaN ,                       NaN ,                       NaN ,                       NaN
  0.91000000000000003      ,  -26.377573681842076      ,                       NaN ,                       NaN ,                       NaN ,                       NaN
  0.92000000000000004      ,  -28.388014166873734      ,                       NaN ,                       NaN ,                       NaN ,                       NaN
  0.93000000000000005      ,  -22.494565050914453      ,                       NaN ,                       NaN ,                       NaN ,                       NaN
  0.94000000000000006      ,   32.217508760742433      ,                       NaN ,                       NaN ,                       NaN ,                       NaN
  0.95000000000000007      ,  -9.9458881734040663      ,                       NaN ,                       NaN ,                       NaN ,                       NaN
  0.96000000000000008      ,   34.904751563941929      ,                       NaN ,                       NaN ,                       NaN ,                       NaN
  0.97000000000000008      ,  -7.7242310641673049      ,                       NaN ,                       NaN ,                       NaN ,                       NaN
  0.98000000000000009      ,   2.2261075313863072      ,                       NaN ,                       NaN ,                       NaN ,                       NaN
  0.99000000000000010      ,   53.208505365155467      ,                       NaN ,                       NaN ,                       NaN ,                       NaN
   1.0000000000000000      ,   4.5455273699364609      ,                       NaN ,                       NaN ,                       NaN ,                       NaN
