  0.49279137399978751       -1.1617921779496878        1.0849725464362932     
 -0.25710351562649009       0.17823958307808466       0.27159807212783782     
 -0.43758991367408362      -0.86271817179550159      -0.22582116893784754     
  0.93006629101294247       -1.5649523574349420       -2.2121067478267977     
 -0.77588448757373452      -0.16911558503030727       0.55066973936285657     
  -1.0880000734752073       0.77714502777230410        4.8335466727431546E-002
  0.42229992421757429       0.91805528468552156       0.87099261652200077     
  0.40894613191712109       -1.2146349458902235       0.84707712242671784     
   9.8885126295587211E-002  -1.8481297572855919      -0.24284011130680694     
  0.53054554387560293      -0.19470416174311761       0.72679001599233817     
  -1.4926928428555486      -0.99785588005615811       -1.0136780838423598     
   1.5876630622667824       0.90123030610375632      -0.75839495967752035     
  0.21030659059477333       0.13797832921136621       -1.1824386277898085     
 -0.78635473878653761      -0.21285999977148570      -0.26096731638247839     
  -1.0364233474470010       0.34809573612728706       0.97746818762362364     
 -0.46899477135519374        1.0786057786614405       0.12044212360897880     
  -1.0686804540465995       -1.1034830265179091E-002  0.80498227695431668     
  0.88364501318721234        1.1280422693020984       0.13691510105013890     
  -1.8801623877889222        7.0484157967885180E-002 -0.59799179271624747     
  0.72211502769562697       -1.3149054583380777       -2.7955176802816006     
 -0.72309762719062221      -0.13450717966913886      -0.83588824345571222     
   1.2297638200949310       -1.3127448217738573       -1.1427562696586004     
  0.78804551627916219      -0.16117517339033341      -0.34387583444887981     
 -0.86368902631725797       0.59031386204604885       -1.1906314912569673     
   1.0518229359720279        1.0260514353025696       0.32452823226696170     
  -1.1294708964725622      -0.36605709729705738      -0.47918620359839759     
 -0.80787247392960526       0.28735551220078814       0.26356971999833823     
  0.99291404295489205       -1.4594635108777287      -0.15179260208790529     
 -0.41340826265209579      -0.68296765298489059        1.0911892025240655     
  0.72839674084176453      -0.16954827997472230       -1.4678793513537585     
   1.8978445902014798        1.6787517920358217       -5.4271850936262064E-002
   2.1267579819689908E-002  0.23132522763285537       0.96124035182412282     
  -1.2467307359830788       -1.1989087709893436      -0.62771607654319705     
  0.40323206750826973       0.92181261795763603       -1.0831768672348241     
  -1.0556857375490978      -0.75287094952080180       -1.2052648336484761     
   1.1218409780421785      -0.66478998468593420       0.13457532416849588     
 -0.67139390702100499       0.20214902124919309      -0.62751627824753564     
   1.2947097716847904      -0.25163551978308918       0.96690477432318755     
 -0.78507218202891060      -0.12628603023041751       -1.0647361794182746     
  0.56062288558327711      -0.39442117173507835        1.1619545535622116     
 -0.49440840736251945        1.1578812506454315       0.65889838373621823     
  0.58231092094683734       0.23094999643174804       0.31549055465440351     
 -0.61589999094414849       -3.0472086348643739       0.15449260359553491     
  -1.1670828127801334        2.0245843169016404      -0.82966500419181965     
 -0.94023989252859930      -0.32005638069961895        1.1609852970831454     
  0.54361259356100777      -0.96002236054605972       -1.0308372572510534     
  0.43693635470133846        1.3841015933005734      -0.64115431846670379     
 -0.87431351035202420       -1.5687222690769791      -0.50222169174765463     
  0.27986746784320837       0.69597815250632278       -1.6697784057989067     
  0.10167335100375320       0.99408229619617094       -1.1468115197808089     
   1.2675168906910119      -0.40745793825626503       -1.1102622843232541     
   1.3787064432577913       0.77416217943136167      -0.41629350962484202     
  -2.4125589086958447E-002 -0.86637430365343249       -1.0639320431410666     
  0.53718992897976769      -0.25490379873200741       -2.5787757457293492     
  0.98781379787287493       -1.4212850299690787        1.5227707964025703     
  -2.7897973967987779      -0.47886711051569542      -0.10978857049570018     
   1.5358360799905577      -0.98061684155439566       -1.2870719103783308     
   1.2427127998777885        6.2982283255990090E-002 -0.38961088285823114     
  -1.5626058987368761      -0.76054557045239712       -1.8929091235244355     
 -0.47239311132183881       -4.4604974041307602E-002   3.1943792173398433E-002
  0.22888004186235250      -0.29439033297996586      -0.16284465093047851     
 -0.79548786458491683      -0.54629902934928898        1.2016858446663952     
 -0.12815795397624719        1.7633381544724427       0.95202498832762761     
  0.68641538561699322      -0.28326120643246783        8.4248965134710196E-002
  -1.2316851702978542      -0.11059665945366566       -1.9545986609405983     
   1.0507490441514968        1.5521240455060394       0.41820214289601099     
 -0.89909455327694765        1.2897670844896081        1.3267553877999119     
 -0.13365359521696402       0.34851034087227784      -0.25406689059857568     
 -0.76441285396564029       0.45565805629540002      -0.96042083360455011     
  -1.9945232267921573       0.92515577945252325      -0.63140962555956659     
   1.9332839866610871        1.0891696561753159      -0.36349978955212403     
 -0.48557656530702253       0.34062794723130135      -0.31513188160945371     
 -0.76991974007681185        1.8656606954734816       -5.5549120252764719E-002
  0.88363120426178066      -0.44279498792862931      -0.39447043368675910     
  0.74156047186223284       -1.0196961914013214       -2.8496208515919141     
 -0.13419229055589554      -0.17932296654441038       0.52688409596926178     
  0.91878493257323290      -0.38963292822008572       -9.3140583406539718E-002
  -1.3723092722551042        1.3703421787465548      -0.59343286568382858     
 -0.77888723807043025       -1.0826728274484683      -0.44480426168650594     
  -1.7871084401323054        1.0810827661423850      -0.24611697886594630     
  0.65106874275972271       0.30482695722269526      -0.58455346609558145     
  -1.5207876909721174        1.7784107661460000      -0.12240230263367101     
   1.4849147153348878       0.24048922671873674      -0.40637500716325625     
 -0.36153563913866243       0.40724779707675557       0.25866591764977115     
   2.7997352429559181        1.4299649039941422       0.18662745973470277     
  0.90556576782585163       0.43346848831814355       0.69623585375422348     
 -0.11426818030797875       -1.4642484820645039        1.4479505022494294     
   1.4710837800675813        8.2337045488392518E-002  -5.9736476356163838E-002
  0.60842149178915794       0.92576064956185045      -0.84135668817331533     
   1.0544343639354747      -0.43807494579117068       -1.2629258294287711     
 -0.79982447415901758        1.9320938399372196      -0.12643894080708459     
  0.87624645417489055      -0.94582731747637461       0.30595603413966738     
 -0.93194045613823961       0.57692514429016151       -1.1720695061992590     
  -1.9902462943419283       -6.6025911962108344E-002  0.73614380468092167     
   1.6609484419903613        1.7718653127708410       0.14850616449664766     
  -2.6833942373272901      -0.22364804982506356      -0.42554620037132546     
 -0.67439150765038869      -0.62259458046191063        6.9313231645720924E-002
  0.85654317569370031       -8.0519431583892347E-003  -1.1467223882168120     
 -0.77973060242073022       0.48850493055598354        1.1264678087319968     
  -1.0703051473385110      -0.55589210527530153      -0.87573796793404124     
 -0.46811480923813115        1.4092517395381468      -0.54964714715204932     
   1.8754217069340204        1.5212168913946447       0.42162944485812320     
   1.3112943524890246       -1.5678355202149636       -1.1688195340072962     
  0.97371355790584091      -0.66141762440531149        1.8991008612429583     
  0.87324287940077872       0.81620089643297911       -1.9502251460569444     
 -0.31868221516082101       0.13776236981502832        1.2000972875744393     
   1.9833842857471795       0.37733688003449584      -0.65358746429161796     
 -0.37633519663105369        2.0414268237663458      -0.17316312362865602     
  0.52506972452558509       -6.5339464962464400E-002  -1.3765609389862754     
  -7.7038998693717040E-002  -1.2118808330660757      -0.81112249265353764     
  0.52126801833053760        1.4404500063549135       -1.7828741271425321     
 -0.51567513664850995       0.41143284704242855       -1.8891947548555210     
   2.3810239246544174        2.2587684754622327E-002 -0.64123799532763226     
  0.37690135700982247       -1.4424730446438621      -0.88662068871822675     
 -0.63509818704462095      -0.30908275745447161        1.7282474711500351     
   1.9417491173583157      -0.65381111362822375       -2.4618236269849086E-002
 -0.23828712721842468        1.1494387715571903       -1.4728048781354179     
 -0.46919693209683944      -0.87357952135882710        1.2340183662478756     
  -1.7797787052203262       0.39603558315656351       0.98271035164590237     
  0.42044105501964874      -0.37590744180939151       0.81565145700374309     
  -1.1278390937098892      -0.16793066660029835        1.4648652545881862     
 -0.41435685211609224        1.8401902320304717       0.96063557260422283     
  0.19887686614286504       0.74773088610141469       0.15078858725299976     
 -0.53890012887815275       -2.0723411903479683      -0.59390103355581481     
  0.23947895723051044      -0.29672238008958368       0.58720889881637695     
   2.0874980500899133E-002  0.33938266390425909        1.8826307851215920     
  -3.6705176818469812E-002   1.2381775772118682      -0.76191499186649292     
  -1.2483587158022957      -0.26777713217100729        1.8857510077219766     
 -0.68769623289442872       -1.4161311290673753       0.75982402669414095     
  0.59201518283608456        1.1730557760554887       -2.3636398866889325     
   1.7482661328456686        1.9230667977870024       -3.0925488219192748E-002
  -1.6278003972576258       0.43189515853414712       -1.0882108679218818     
  0.28952374741082171       0.95506147966198940        2.4022213907880050     
   2.6577562940242494        2.1854105558738355       0.96816700782575837     
 -0.21587639621004792      -0.10146568750686975       0.89691430805741545     
   1.1201486687322348      -0.44971332419795573        2.2036174759613427     
 -0.92507149506870046      -0.86909754028121122       -4.8934128809046122E-002
 -0.48349462852332925        1.0790021601817088        2.1677453908322599     
 -0.46071896332789891        1.6959357088804665       -1.2643328187191742     
  -1.2142220606334937       -1.3919449007938010      -0.42024062993299255     
   1.0041768694823980      -0.19782528477345682       -1.6723710300200312     
 -0.84517031081562444        6.4997971773420954E-002  0.93944319267767584     
  0.21212549719797977        1.9119282283610746       -1.0466896105554622     
   8.9982981890507713E-002 -0.14174738168787798       0.65406778831847334     
   1.2742056894123628      -0.47085260139663193      -0.79435006568988653     
 -0.46592048145563103       0.86920514009140604       0.61203912768995217     
  0.48697546431083560       0.75208196093337920        7.4513108010356710E-002
   2.4107796440670746      -0.91006905102469171       -3.4304308656912565E-002
  -1.1152520523616902       -1.5304785675393062       0.48729400642054849     
  -1.0116553359591203       0.89256913372782243      -0.42460379395672349     
   6.7920490274254539E-003 -0.26546366179722136       0.12456372541735561     
 -0.48772250868181416       0.93196777332701608       0.48336178300876981     
 -0.71974423896538775       0.10189557416425035       -1.1054707671841149     
   9.5114783445423373E-002   1.5193168418090759      -0.35454971943316238     
  -1.3702287212364974        2.3409006375213361      -0.77960845082834529     
 -0.32331709911244472       0.94075493648087050      -0.20867820970341289     
  0.36786736585126589      -0.92671548880352295       -1.6922451476125102     
 -0.66415311357093909       -1.9625653535875573       -1.0167706915749168     
  -1.3466404084167856        1.4270690941196227       -5.1292019075199306E-002
  0.55750278729329372      -0.70396726524588960       0.98147128357348823     
 -0.59279962949294163       0.35562253859154325       0.66817699215321025     
 -0.33540912026108144       -1.2150099966414842      -0.23858172487512261     
  0.72022284097559552       0.51991815660012275      -0.77615326660520645     
  0.49480702838673235       0.20658706816001909      -0.25001049862332519     
  -1.5588469723399982      -0.24398483752108552        5.0914929293203952E-002
   1.3499393281881205       -2.6074282675051874        1.3499213171051136     
   1.6739619409503590       -1.3093481608645352       0.42396511006022747     
   1.4075532974069715        7.6525501474410382E-002 -0.17813569971971516     
  0.45166690518286973        2.0634171657595681      -0.49359126629938382     
   1.2372769459563673      -0.50700310000065030       0.28957156981130922     
  -1.9427440836209439E-002  -1.6753639407450300       0.83301007847665820     
  -3.0411081215257592      -0.86381869042415638       0.30598491418645057     
 -0.49001133343526371        1.0345928015198622        1.0051884097105204     
 -0.10241153588803505       0.69124610440409251      -0.40192243425510921     
 -0.30308082284171090       -1.3476186827107128      -0.48811912660392254     
  0.30658438679057454       0.58338067171763530      -0.73868468117370700     
  0.42273017578236982        1.6286591048616406        1.4130790071858190     
 -0.97803447369106056      -0.67858876537863677        1.4430740622336442     
 -0.46032369645560761       -1.9565020499847401       -1.1573502850060513     
 -0.12272253774194042       0.39449677648505593       0.27642020632348246     
  0.59694697602765534      -0.47285470534792978      -0.28828705480615596     
  -2.0804765552327380      -0.94134757162325855      -0.19187047706093471     
  -1.1360066053838140       0.81987640336954970        3.4855551675670879E-002
  0.10471110321173624        7.9531323291684160E-004  0.85901236424892002     
  -1.1544380946414066      -0.41008415815823218       0.57753735545400275     
  0.65750811094144235        8.9595336023908706E-002  -9.3383902712725120E-002
 -0.39110357007712981       -1.6487160427988921       0.18123818681534809     
  0.18133702648138608       0.96116214191465876        1.5802890455081622     
 -0.81419526504372741       -1.0229116426742284        2.0246977417735277     
  0.72135214349865617        1.3698245629601120       -1.0674096743840777     
   1.1205577169076244        1.0843056323651605       0.69803564805025842     
  -1.1167601489014536      -0.75760327934854110       0.68143166552506618     
  -1.4022007695055787       0.96559387361382243       0.27670065798406418     
 -0.54261432899833673       0.56183964538117870      -0.18382323826171104     
  -9.9984771669950304E-002  -1.3304755998508600E-002  -1.4201479583306924     
  -1.2513128572746519       -7.7892346644547833E-002  -7.9181601857614900E-002
 -0.57214687384710927       -9.2997523186609699E-002  -2.1546138812108615     
 -0.22726723726346879       0.96853702890316484      -0.11569204809028026     
 -0.80443804485056147       -1.9278924403207696E-002  0.34901321820571429     
  0.93221594143337794       -1.4006585799026265       0.41435506235662989     
