  0.70173686759660325        1.1109772529813378        8.3257476710680383     
  -2.7916878152149662        2.5431481504401576       -4.1363176847324246     
  -4.8680976220220273       -2.1660970181555541       -2.6620170182661229     
   2.7323008682047814        1.7681276214871660        4.3127425966955224     
  0.64730703295917857       -1.2487542840771177       -4.0872997217406182     
  0.61179408786347822       -1.5495905095471938       -5.2476901009386836     
   4.0503498772703521        7.0448869071761093        1.5946291956044683     
  -4.9877244628344357        4.6468990729333992      -0.97885919324119230     
  -1.2031804600051959        4.4665307229821352       -4.9796293024739757     
  -5.9170597863437679       0.48012316854320997       -3.7067477984741397     
   5.2066744796742386      -0.77493640489398785       -4.8156564243393127     
   4.5187818418101973       -1.0494916863662289        4.3385134118886457     
   2.4219432309347098        5.8848492563340020       -1.5755599810582746     
  -6.5304777816681323       -2.5731775829314847        3.3342102503277538     
   1.4158799357192891        2.1370582499034212       -8.0394419810000688     
  -6.4102820653509935      -0.54591661000148450       -4.7898834270413087     
   1.9229676626944268        4.8319464536507750       -6.7466120950440027     
  0.24519642267781225       0.18682044079265259        7.0389084403733770     
  -4.2872668693120985       -7.3804250116442569       -1.6411979626888309     
  -2.9946578326106517        6.3448287677510145       -2.7522941746433185     
  -4.9837359501304217       -2.7232770856679105       0.79392316369530558     
  -3.1846280815455672        7.5622658904138094        3.0301538803784624     
  -2.9725877762772930        5.4394891591873487       -4.9762913508864113     
  0.75257799714914575        4.3535852039925258       -2.2217515027597772     
  -6.7897521163640970        2.7557439147677272       -1.9635631750838978     
  -4.6519497602819015        4.0728092381622760        3.5821997389941083     
  -3.4205246767021804       -3.0667057140841054        6.0898348290354791     
   1.8252208103613241       -2.0571941425052760       -7.6910443451034567     
   4.4539102405523892        1.4948520604453970        1.9712583208410086     
   3.8760459829442873        2.9078357598478206        7.3255027171123670     
  -2.4499837377074165       -5.6897738086385905        2.3878342524537790     
  -4.8955723115315957        2.0902794174485297       -1.9395223224329867     
  -7.0110011790141273       0.22731099549658879        1.1055626637412299     
   4.2414338911591267       -4.2617820259139831        6.1288889353511271     
   7.0057755443288965       0.68740831070493058        3.6230941048218686     
  -3.1238872388680936        4.0585530556255440        5.6384973906292517     
   2.7362212664734367       -6.3942289391747478      -0.53194337006835446     
  -1.4194466645699215        6.7409423432406985      -0.93112627936031800     
   5.3913658190136484        2.3078309998060238        2.2997049562863396     
 -0.28120745063391867       -6.1494082366610838        2.0610580930110944     
   1.4121948588565070       -4.6955149009236576        2.1354286561839122     
  -1.9416174105081090      -0.77373437882988727        6.2981563531105449     
 -0.16158462599373435        3.1106932492390760       -5.0372283528585440     
  0.27271396537366366        8.0173002640570434       -3.1771914947293167     
   6.0012138002870241      -0.46698812445081062        5.0396264528020316     
   3.0205872883763965        3.1476094317468211       -1.9473955118154245     
   1.5935937310886217        5.4408286465780114       -1.9234190463884226     
  -6.1297659742153234      -0.15264768035419937       -1.6274206538472702     
  -4.7148001981277226       -2.9920168994525871       -6.2450618325968481     
   2.5020871672827831      -0.80600116951272560        6.7101685800874726     
   7.0754142308512940        3.5429131242172325       -2.9035141873254151     
  -5.9261360531614047       -4.5479095691752747       0.19920513939820772     
   4.2892898993579349        1.9715799114036319       -5.1234646222105757     
 -0.92608005270916605       0.22714999882769316       -5.8887922847719398     
   4.0900157612222623      -0.98947025687824375       -4.3973266095668819     
  -3.0965357919924599        5.5244010091800426        4.0192512781801888     
   6.2165250644808348        3.9538815392907303        1.4741268146491440     
   3.7141503695381606       -4.5727955807620706       -1.0991898427964009     
  -4.2691803098121932       -2.1748646372534144        5.8320731285829988     
   4.0103387608156131        1.1293105374199239       -6.0914491671617919     
  -1.7241670491791361       -8.3907086928192207      -0.71628246632287929     
  -6.1300270053793788       0.24168517498069045        3.7910667726104443     
   3.8418055658550725        6.3827422351347929      -0.37770994213023923     
  -4.2181195417159865        6.7241984148444622       -3.6283216402249479     
 -0.55475722101778502       -6.4402960470779549        3.7381521010785894     
  -4.4858929123329210       -3.1000096743662180      -0.72551147293044549     
   4.5002206377314735        3.1652568892736661       -2.6716786289380909     
  -5.5120238958953305      -0.46008854876317090        4.2088642895845574     
  0.43922614287054174        4.4155080567919764       0.49079937525452616     
   2.9437371371450647        4.4880073546361672       -2.2613388729058721E-002
  -2.7845144567417690       -4.3039559279300406        1.2304730224721168     
  -1.1098240760295461        7.9833137578136997        2.6013272466356505     
   4.9562908573493853       -4.6054211556620031       -2.2849418249185423     
   2.1295345759828650        2.7065083033344388       -7.3999196617148479     
   2.2920394706882763        4.7858167431961220       -2.5622567242437810     
  -6.6305709405622153        1.3150323834199773       -2.0074417974100887     
 -0.63831237650082584      -0.56876010281380751        7.1757565930157288     
   4.2393568911029318       -1.7946426094194259       -5.4131520850162520     
   2.3604245071844399       -8.1082851440512282       0.44688054396703558     
   3.1818545239370932       -1.9682067726200179       -1.9683442881125752     
   1.7702761495032164        7.1063734872137001      -0.97116623532167567     
   1.7830321893217806        3.8752582513524563        6.1642025858672902     
   1.8236085955699723       -5.7418295611950567       -2.9505964395346820     
  -2.4529990010277620       -6.7372452719047331       -3.2392248050691084     
  -6.3392758568138197        2.5706958132332289        4.2146482055553136     
   1.8237313222736635        7.1042289413674107        4.3654348160130052     
  -5.2005957921048767       0.74030981966605802      -0.35473182569856815     
  -2.3843677394388223       -6.2639503563624581      -0.12758930188224857     
  -7.7903073888822574        2.0411511714392452        2.7992438856019950     
  -1.6012356004537465       -6.5551615978646298        4.6293042187407734     
   7.3087425751955672        2.5613814609934118        1.2839060281751387     
  -3.6184554771234332        6.7032081635199887        2.4452654377677847     
  -3.2036838168266830       -3.7180059472037135       -4.7504128648949573     
  -1.2196219940324726        6.6785768889143053        5.2709076927557694     
  -4.9633786557334956       -2.3811795288307813       -1.0244744032515998     
   1.0779120912990920       -3.3653093193896546        7.7992638956641018     
  -2.3807788859263330       -5.1809495001486043        5.6233227473696532     
  -1.4329753432924521       -4.4267719854220262        1.2863746506015843     
   6.0756291291164848        2.5453679135040321       -2.7208123041318255     
   2.3932441847217691       -5.5572168427647144      -0.39653486762171075     
  -4.9951061478463537       -2.1949839799619673        4.2952423150378198     
  -3.6447013613966672        1.6296422036988363       -7.7264071314206495     
   3.3365337008848872       -5.8393845189541267       -3.5795854634626036     
  -2.3838945302298766       -5.5789567466937138       0.88688161264163634     
   1.0214482657245947       -4.8370584508884784        6.2084663149533696     
   1.4333991987292887        7.0705751621387147        1.4364995990737373     
  -5.2953973983818123      -0.58171195155553379      -0.93961333755891863     
   3.9086450797025445        2.5190097922371759        1.0451479960644652     
   4.9074469348023824       -1.7558871696536233       -2.2800721085408644     
   2.8003916751766806      -0.76723546483805727       -5.3211703447090342     
  -5.2569282005467617       -3.0997262114159843       -4.0392252646741236     
   4.9992695636106017        6.9386740672831824      -0.59157075252007152     
   3.1298890732281075        2.9663971587541176      -0.68841588269478038     
   4.6237002730122745       -5.0759791532742025      -0.49224091790325880     
   2.3360454326451494        7.2262666940434528       -4.0500360659223871     
 -0.20170898558020312        3.9045391488887091        1.7798296043988686     
  -4.9464158479786509       -1.2166396557402273        5.3752627248412015     
  0.56014960677566528       -5.7532938324809626       -4.6404990349281467     
   2.2524760240723487       -2.2123297804173112        4.5761461814970961     
  -3.9345112697831497       -5.8781198788403870       -1.6703439278964363     
 -0.74508588571311196        2.4683610992053704        3.4928291663336326     
  -2.7816421824914341       0.68740552517410225        5.8906062762984552     
  -4.2506810048227992       -4.0488597165676063       0.35349203074738500     
   4.6176345617848593      -0.21956788980952568        1.1153713852751870     
   2.3920962005849464       -5.0230705226081431       -6.4565372284368285     
   1.9947060279221702       -7.0279311508629609       -3.2891391261843026     
  -6.4699131137905264       -3.7053852744066496       -1.5996953571497154     
  -5.4540284887188246        3.8623794005944432        4.6403343917029769     
   1.4471876411087472       -3.6381237348450512        2.3590361253167944     
  -4.1444274410677879        6.2224035229344850        3.8363333317386541     
  -4.0201979415153986       -3.2452089593923774        3.9307009408233684     
   2.4415956923631583       -1.0407374435434329       -6.8115966893036113     
  -2.9692608205804385       -1.2291954721113334       -3.0728099295445461     
   1.6372542522708928       0.91115959476310981       -7.8430825820671011     
   1.1192736061515891       -3.8719212074508267        6.6714277783392664     
  -4.6217680536130601       -4.8447882399403595       -4.1947111908278005     
  -5.6103707921195998        5.8528410379754039       -1.3816289359628970     
  -2.3622045576128956       -1.0224270392239529       -5.7487599080959884     
  0.30932559275679261        5.9188808390661212       -1.4050577385688638     
  0.34517426442162097        4.0802386461549016        4.6272950320933033     
   7.2460533856656104        3.3996258799803138        3.2355236630808957     
  -3.7033937174161209       -2.4922635892787817        2.0596342568033528     
   6.5079366706783963       -2.8431816651691060        4.3597020673472358     
   3.6996226588043677      -0.85258131880701327        6.4825151423911347     
  -2.4079130632151244       -6.6699820051087686        1.5058119199049316     
 -0.54751357640769460        7.3875851996321451       -1.3824966926256645     
  -5.2692681625346021       0.44159072124092824       0.85235407919694739     
  -4.2845525944769181        3.6156712704196989       -6.7123370306391168     
  -7.3619064718854590      -0.21984321374723984        3.4433075302554306     
   1.0636890363332467        4.6799740269090835        6.6113986228455515     
   4.9338739352985455        2.4053174999145841        3.5209048585281173     
 -0.37162201540232209       0.71559134169753058       -7.1631578496023058     
   1.3895784656917409       -4.3132770185627374       -7.0139592716851515     
   5.4232143835347175       -1.7347020340198289        1.1512752139449220     
  -2.0287846896906840        8.3584724063454541       -1.3519082881101296     
 -0.53510764518471221       -2.0818725780945422       -7.8835504563590719     
  0.54967601873772920        3.2267755913341523        3.0243329334179481     
   6.7324129309546743        3.4344754124458663       -1.1281296955524829     
  0.55340790659026051        4.6830452162323004       -1.1916553725515102     
   1.1634596543306170       -3.1635477926145477       -3.1376649180408496     
   4.9979994452603274        4.5389193453584058        4.5932116266406853     
   3.0926529686255324       -3.2746260503839273       -4.7457034278455721     
  -2.1928122156540217       -1.4660552887695379        7.0327865581302360     
   5.5342138939658589       -3.8700615429740597       -1.3906772847814097     
  -2.0127736556822740        3.0419033397635453       -4.1541989229943974     
   1.8829772693077502       -5.4569187014634384        6.4789468498284943     
   5.0460144175999586       -6.3626690015780536       0.74821334682404550     
  -1.5062036583286325      -0.35591517861811001        3.9043935969159831     
   2.0462463131125781        5.1249166170829605       -4.3190078725875667     
  -2.4415288438266427       -2.1585977407053316       -3.9290464649937280     
   8.4594334733013543       -2.0136548991108532      -0.77751329735190533     
   6.3759451876326896        2.5851544069567076       -1.4950428680187173     
 -0.59092593531338311        5.0598453564357069        7.0310476485284994     
 -0.30812563066616855       -1.3703052912773748       -4.8816001524609813     
   1.9664434074562842        8.1647133091167223        2.4469511116339677     
   4.6357215653231663        3.3950537859018284        3.9859022578635677     
  0.52625073005789602      -0.27938690430250140        4.8108034477085084     
  -2.8412118027583819       -5.9670980233449802       -4.1061793862196261     
   3.1584836436130703       -7.6041423427735975        2.7343213918722862     
   4.3703912264864844       0.34450824163888211      -0.25819134731808274     
  -4.4858201643298585      -0.22432965584935832       -2.2950781701039613     
 -0.33171425895927042        1.6009870789258354        5.7806011600612344     
 -0.50409143318691940       -8.1273282826849158        2.3428939928173200     
  0.57118872583441638        2.3397277188129886        7.7453012129829935     
   3.1539320278823966       -4.4817625335234190        5.6792539176174373     
 -0.61830429477830240        6.8512631603096708        2.5585681651926580     
   3.3577616335899334        3.0610154909990031       -4.2308751657542025     
   4.4926347772650690        6.5335873985975272       -3.8089703875088898     
  -5.0508858220882225       -1.9385174289561082       -6.0215445184629699     
   5.5307220201162037       -2.2267460365130560       -5.6417178622499726     
  0.71217462304309287        4.4068119776231498        3.0157493240722415     
   4.5425398977744411       -1.3227379034608242       -3.1395960157832792     
  0.87766759195310728       -6.7670398950122923        4.2788566921762534     
   4.9619441410278222       -4.1507442166412494       -5.5369635157869483     
 -0.35973087152402777        3.6875240388034567       -6.2469890106634507     
  -2.8310206700474616        3.5225076563997630       -7.1710787297321810     
  -6.4658260820979230       -1.7126214736035192       0.77164421047370213     
   4.8881671757142788       -2.3289130269931766        4.0925123660772877     
  -3.6989863175699140       -3.5732675509478597        2.9540910105005400     
  -6.0760358112242319        3.4910339230340992       -1.7782190113176382     
