   5.1130858580807379        4.1819313681063770       0.87541326403243125     
  -1.3877605618295878        6.7583435412170081        4.3629795025397282     
  -1.9646420879554918       -6.3112529110970366        2.5337936759189184     
  -4.8290443250374437        5.3596979236346369       -2.9847033575087374     
  -8.5960672712599671       -1.1019005450209098        1.9894328404329840     
  -3.3280374975428919        4.6876988546044283       -3.0261561835065738     
  -3.5840706902188511        6.6653387393768257       -5.0041596505461348     
  -4.7794972821386734        6.2098829293867723       -3.6710109607443475     
  -5.6124715971526475       -5.4932886725220378       -2.0886859997036167     
  0.49722131333730069        6.8672379077946157        5.3772242335415967     
   6.2783474704586490        5.5330154869588108       -1.9548349964344294     
  -5.6095899331018986       -2.6591522538443888        4.3234864142841314     
   4.9585585340910860        6.1008490282526546        2.2997948167099298     
   6.4930113432888943       -4.8394365569441513       -1.7218018097085974     
   5.0820523547534462      -0.49549565206429136        3.6161594238119572     
  -5.9466751533328113        2.4458785520302420       -1.0854942996589865     
   6.7100174776279360       0.67983877116564817        5.8039610343250185     
   7.9907044354870695        2.1990385122918386       -2.1643423028079214     
  -1.2332447731541054       -3.0705225055077268       -8.5733481883615106     
  -4.7786410469695495        5.2261855125842542        3.6680342240195745     
 -0.38703544005508883       -5.7780034041939201       -4.5018285514534480     
  -5.2594617457476218       -2.0039607019671402       -5.7368721171803116     
   2.6869931205618189       -2.4404359925457979       -7.6411019431333038     
   7.2255331777924390        3.4386468406277273       -2.1089792738399393     
  -5.3308744668177654       -2.1506532574014194        3.1707693478848582     
   6.8697670579499706        2.3255757522360656       -2.3570592947652571     
   3.0514567345864965       -4.7281464530148885       -5.5165287526094335     
   1.6397470596708859        1.3349492327445833        7.2927230949743223     
  -1.6438655300319651       -6.1889420066174834       -5.2032032341380461     
   5.9132150679537423       -3.8702591286094892        4.2204041627070650     
  0.97961278464885093       -1.6116448424000691       -6.4818857048948786     
  -7.7219274366905744       0.12231474458892143       -3.7994934298541074     
  -2.1162519417837773        5.5710915136492023        3.4896411381381003     
   4.9074397183888179        3.9235024515479049        2.0005897818514780     
  -3.7620640747611831       -5.5682447899836811       -3.7767520918744153     
  0.61735294899760829       -2.0393893287707123       -8.1047241941222463     
   3.7651655490156681       -2.5769245328243615       -7.9249234529858716     
  -2.3069702787419746       -4.1975893567633840        6.4255460621620006     
   1.1431529730755796       -3.0011413763210144       -5.4145222385715854     
  -5.9811636859196655        4.4723325216727563       -1.4336222063304023     
   2.4861717968100572        4.2447586450216646       -1.5709882374978832     
  -7.5237318871511567       -1.1553042755787226        2.2694434103471406     
   5.2843124855886057        1.0637519710317753       -3.4388624786651767     
  -6.8952765562149008       -2.7239187672343497        4.1156503212743081     
   5.8463493116631424       -2.7826040017522380        3.1822000836557098     
  -4.9004265506036955       -4.6648875351905721       0.96788231525949631     
   2.7496917894581734       -3.6525826530372521E-002   7.5900154365186765     
  -3.8337704158290156        5.9208748405735321        3.8494203562788472     
  -2.3071575701520670       0.68103265624038134        5.7287554104312717     
 -0.96828540146475306       -4.9966189263626815       -2.0636735349822763     
  -1.2856200648070366       -7.7263197106560924        2.3383702532764947     
   5.3751078382757100        5.1960105457431860       -2.1147710486704621     
   2.6002499213627810       -3.6896140950711915       -7.1494009172822386     
  -1.9701921579261807        3.2643946549455300       -3.2455769174521891     
   2.1160038672754204       -2.7763383907853414       -6.6132059497505917     
   6.6096874257865341        4.5025300723333768       -1.6564562810146839     
  -4.2734442273779001        6.2023446307297094        1.4428128536598497     
   7.4169059175783518        3.7117303011488696        3.7953218600513248     
 -0.66271135257758906        8.3579378341424775      -0.60433717316065660     
 -0.74952754723463355       -3.8278281015253919       -7.6537797926033955     
   1.0866349674329523        6.8771637776753645       0.57483534841003836     
   1.9375226755422950        3.2891307022110627        5.7642737170453975     
  0.82259641205187295       -4.4174316722211060        4.2653893991823910     
  -7.8734604107991455       -3.3115707707992112      -0.65250730298440895     
  -6.1617423129497615       -5.6406870359847732        2.0350111301836651     
  -3.6655996770789212        3.6424347857062895        1.2599118736304142     
   7.3154333829033238       -3.1547233183764978       -4.1595482641389996     
  -4.9142712801995341        2.2067871774283665        3.8644844776368807     
 -0.55632162616830994        4.6872582782982164        4.6398620930237495     
  -1.7159629213697176        3.7007859856825100        2.7878216887514005     
   3.6620042574686131       -5.1419127901867556       -4.3451358788833447     
  -4.7279727667594864        2.9526652472445845       -5.4066849585255916     
   4.4929254517061610        4.4205704732694358       -3.9172597531034102E-002
   6.8130985755579179       -2.6413284012517004        2.6554813236351276     
  0.32473844483536607       -2.6120363879589878        7.0395864208982157     
   3.4449653089233894       -3.9780791354680085      -0.17455922316788255     
   5.3269504848101636       -2.8364335325813839        1.0400908226427807     
  -5.8324453627800423        1.7644405155886482       -2.8510500729888251     
   2.9280763854244940        1.5008940699763832E-002  -6.1422722593928274     
   3.4945347176701564        4.7264970951562306        3.5514588720741167     
  -2.8663186532185092       -2.4096568678865884       -4.5750124974397766     
  -1.5923441191198708       0.70985642108652514        4.9866427933943758     
  -3.5927616622920966       -4.8245207764652740        3.7783986326023450E-002
  0.50708652022571576       0.76913959969919787        7.3987538138786277     
  -3.7067743799764972       -2.4995085490511126       -6.8161694770421688     
  -1.7659599493831974        7.5239134847715237        2.8978821315241019     
  -2.5183422751084219       -2.7849265865085391       -6.2225223270452519     
   1.2645060908346837        4.1537087451775534       -2.9204950091846151     
  -8.6055511194554332E-002   5.4040838622100322       -1.1500600823252678     
   3.7447251898882543       -2.7192640080160779       -1.4726528380434729     
   2.8102010793162924        5.8201001375131893       -6.5327572974129042     
   5.4363418765066607       -1.6103920202074531        3.2895325530190882     
   2.4055036285239200        2.2472700210909364       -7.9523523516017125     
   7.7713095199787601        3.4411997267642556       -1.9529378134157015E-002
  -6.3260604266892404        1.5376334399381293       -5.0667350174726655     
   7.3308369339295059       -2.4397043466630164       -1.1316776766627041     
   1.4814362803318151       -5.6697146431192884       0.20529978416954975     
  -2.7938469524618581        6.2842898711143995        4.3362929564279407     
  0.22086804624538983        5.3947277101157338       -5.5661633361682403     
  -6.8929414789369590       -3.9835308053420659       -1.2769318706855293     
   3.9043111785673812       -3.7329007023809968       -4.0831406738400524     
   4.6827349702151686       -2.9924826026601612        2.0645261223699962     
  -1.9815719242269236       0.77265503231995192        6.8889973717536837     
  -4.4243178458646994       -5.8027882395939381        2.9840083600822229     
   7.4142566252599353       -2.0892451152116442       -3.6285355130048629     
   8.9677205039684367       0.29722315473853356      -0.57092512888267843     
   2.9475541834480650      -0.78575148813088469        6.8864670123627887     
   3.5162651217830443        5.7276899647303816        3.3257572010713030     
   2.3805365170606105        1.2242541647106087        4.4068667137958730     
  -5.0318739316319041        6.2386733798541574        2.8348330711516732     
   9.9759705924663114E-002  -7.0163118125859070        1.6088639357288486     
   4.5325924040201437       -1.8931424294825729        2.8811920537429110     
   3.0335595743147379       -8.2147095039975753       0.88003521016648245     
  -2.4952974626193583        8.1592479395740050        3.4330336295223001     
 -0.88880165574568237        7.5671410140088238        1.4185229354593321     
  -4.6778408575011472       -2.1890099416338500      -0.82371211045656123     
 -0.10608125919949971        3.1867227236843960        5.5019868730597823     
  -4.5453230678640866        3.8437182811369084       -4.6413035507637117     
   7.8269560080479499       -3.3201330889587655       -3.1187607033482707     
   3.6874486827390207        5.5234479994904833        4.3401541201926772     
   2.3329119661203284        2.4016961909498140        6.7673107522167681     
   3.3888290204458071        3.0664084068537143        3.8228716487498819     
 -0.97304540390602667        5.3924345576695316       -2.5495855700602488     
  -5.5054266228161648        2.3274465668497344        1.6827073213177282     
   2.6971752648737177       -7.3884525202432281      -0.50681963176801370     
  -2.9480169622469679        3.3630061897020931        3.2181489129699634     
   1.7693425101673466        7.1609181780415607        3.8282633076601731     
   4.1331502353499356      -0.84305254828579113        3.2356839965602631     
  -5.7877420774624202       -1.5906980025610691       -1.3568523255958309     
   1.5829559647131004        6.4495202182295239        5.9996663246545117     
   3.2193888885285711       -1.2656376179264450        5.6827601517916380     
   2.3616423847030141       -2.5967807266196723        7.8076704881903316     
  -5.7587634757654973        6.3021276160156825       -1.0067590853694488     
   7.5727438826459936       -4.4908756738674684       -1.8652461807395877     
   2.8334016555687036        3.7316871693727256        2.4986877063700272     
   4.4325431589092332        1.8400158642378337        7.4882027851164574     
   6.1480158270057608        3.3451523283026257       -1.8454663978815571     
 -0.13231935322489566       -4.0321469106355199        2.9607538450936222     
  -4.5848311394977230       -5.1415606777595153      -0.28461703483712231     
  0.61569666790518895       -4.9826505185383396E-002   8.2930045247663209     
 -0.44607585704699082        4.6574044002873993       -1.6234597394136723     
   3.8166952356936732        2.4588905413613120        6.5220725539696360     
  -3.4038433608635557        5.2868349742276424       -5.1047178396970949     
  -6.7506295487630359       -2.0898548087037447        2.6591548125797457     
  -1.9424067806192700        3.7218168931290183        4.8868260261344485     
   3.3593134720577713        1.5982232749087919        7.0563605964660701     
  -7.7139120882389216       -3.3416214764302712       -2.4036177493401136     
   1.9472603258101044       -6.4946571621296503       0.96667671565050539     
  -1.7666751569782775        4.4248829762880515        7.6866015709231128     
   4.2320264572674340       -3.8967366355558730       -5.7769102150243947     
   4.9022940286222916       -5.0835384955371063        2.6552254752663176     
   2.3986844104619620       -1.1754966307030581       -8.7025470455876572     
   3.0784007404143994      -0.38929391553492254       -7.2907283065523210     
  -8.3887802010922492       -2.6344298955713783       -1.2007563585776739     
 -0.62291892668179893       -5.3989885017567989       -6.6406812369003863     
   1.9372610853614753        6.1519551154987804       0.39435698468308517     
   1.8679259348757546        2.3709247523009362        7.9812120912152942     
   1.0835192629818096       -3.7404000174767469        3.2543164916812732     
   3.1810941880547730       -4.7170093505377499        4.2149645346194031     
  -3.6221078913539064        5.4480657804039838       -6.2345825603745437     
   4.6447595943989093        1.8864517044265932        5.8479398429746450     
  -2.8043893442673591        7.7903101509274286       -3.0021181828048924     
  -2.0347847378046340        4.5314182072180724        3.3814649409432427     
   2.9228673690597144        2.1784341988327873        4.4669864092305929     
  -5.2040683000121506       -3.3795990245640559       -4.0836678857516642     
   4.0946010171406977       -5.3566383145202225       -5.4128179979875402     
   4.8879159444818798       -4.4281625189987803       -3.8039823657354885     
  -7.0133966522527205       -5.1055190246032041       -1.5329767679203463     
 -0.80148114955276262        2.3992155309664822        5.7175894186437315     
  0.53164922177964558        6.1692996332500929        4.2962302961908518     
  -6.8506419258655322        1.4422753352839706       -3.2247717226398991     
 -0.46007872842377484        6.6251246558889445        2.9810532237043263     
   6.9986713780489760        3.0188882368572778       -3.9345885074383715     
   2.4357217965262681        3.0076952933965058        3.4748962928100231     
   7.1799134611291544       -4.3399988341553390        3.1681750321197422     
   2.4487271178857819        4.6591584717858012        2.8916203790255790     
   6.5655900860138089E-002  -4.5703393917009105        7.0718204434013705     
   4.0158294728041808       -3.5298222683716771        3.2558246254473153     
  -5.5617851723919420       -1.2313590337885070        4.0232268964748981     
   2.2732488419617525       -5.2123363750945897        5.5800815711939222     
  0.14136959264673996        5.0036491706190507       -4.4668734044418397     
  -8.2903407179832982       0.35413130545321203       -2.7498035208803175     
  -5.4221270343224033       -6.2930883758574039        3.0567470600938047     
   3.4770682281144105       -2.7170828821921980       -4.4263710218156760     
   6.0589877418351197       -2.2979248158110663       -3.1129559189931886     
  -2.6822116479891749       -2.4518256732503683        6.9320125098215737     
 -0.32813892305044501        7.2575127938936301        8.4201957367944294E-002
   2.5950631574231044        6.8305287528119552      -0.15864596284181048     
  0.64412153364588143       -2.0367583738237269        4.9686444613878127     
  -1.4125326283334532        7.7427602862511371       -1.2351036469008319     
  -7.4666974934165982        4.0600509875230593       -3.3289689249025587     
   1.7435048409492524       0.30368423933992700        7.7111767170416572     
   3.0443693667398009        5.7785735225455408       -5.3162214057885340     
   3.7792015776574139       -5.8877452128641199        5.4952111457903685     
   3.0791468631713190        7.6927016748447610       -3.0595267097085634     
   2.3642263490595692       -1.0061162908885726        7.6761164906570718     
   2.0553769596078117        5.3054507058025431      -0.31043259014146279     
  -6.4896557825013605        2.8949469189488672        3.4221449113806576E-002
   1.1219154726193150        8.4675179139111609       0.34868951759580236     
  -8.9815238523627947        1.9625269651040713       -2.7463950449370236E-002
